/*--------------------------------*- C++ -*----------------------------------*\
  =========                 |
  \\      /  F ield         | OpenFOAM: The Open Source CFD Toolbox
   \\    /   O peration     | Website:  https://openfoam.org
    \\  /    A nd           | Version:  6
     \\/     M anipulation  |
\*---------------------------------------------------------------------------*/
FoamFile
{
    version     2.0;
    format      ascii;
    class       faceList;
    location    "constant/polyMesh";
    object      faces;
}
// * * * * * * * * * * * * * * * * * * * * * * * * * * * * * * * * * * * * * //


156
(
4(28 60 124 92)
4(26 58 122 90)
4(24 56 120 88)
4(22 54 118 86)
4(20 52 116 84)
4(18 50 114 82)
4(16 48 112 80)
4(14 46 110 78)
4(12 44 108 76)
4(10 42 106 74)
4(8 40 104 72)
4(6 38 102 70)
4(4 36 100 68)
4(2 34 98 66)
4(0 32 96 64)
4(1 33 97 65)
4(3 35 99 67)
4(5 37 101 69)
4(7 39 103 71)
4(9 41 105 73)
4(11 43 107 75)
4(13 45 109 77)
4(15 47 111 79)
4(17 49 113 81)
4(19 51 115 83)
4(21 53 117 85)
4(23 55 119 87)
4(25 57 121 89)
4(27 59 123 91)
4(29 61 125 93)
4(30 94 126 62)
4(30 28 92 94)
4(28 26 90 92)
4(26 24 88 90)
4(24 22 86 88)
4(22 20 84 86)
4(20 18 82 84)
4(18 16 80 82)
4(16 14 78 80)
4(14 12 76 78)
4(12 10 74 76)
4(10 8 72 74)
4(8 6 70 72)
4(6 4 68 70)
4(4 2 66 68)
4(2 0 64 66)
4(0 1 65 64)
4(1 3 67 65)
4(3 5 69 67)
4(5 7 71 69)
4(7 9 73 71)
4(9 11 75 73)
4(11 13 77 75)
4(13 15 79 77)
4(15 17 81 79)
4(17 19 83 81)
4(19 21 85 83)
4(21 23 87 85)
4(23 25 89 87)
4(25 27 91 89)
4(27 29 93 91)
4(29 31 95 93)
4(62 126 124 60)
4(60 124 122 58)
4(58 122 120 56)
4(56 120 118 54)
4(54 118 116 52)
4(52 116 114 50)
4(50 114 112 48)
4(48 112 110 46)
4(46 110 108 44)
4(44 108 106 42)
4(42 106 104 40)
4(40 104 102 38)
4(38 102 100 36)
4(36 100 98 34)
4(34 98 96 32)
4(32 96 97 33)
4(33 97 99 35)
4(35 99 101 37)
4(37 101 103 39)
4(39 103 105 41)
4(41 105 107 43)
4(43 107 109 45)
4(45 109 111 47)
4(47 111 113 49)
4(49 113 115 51)
4(51 115 117 53)
4(53 117 119 55)
4(55 119 121 57)
4(57 121 123 59)
4(59 123 125 61)
4(61 125 127 63)
4(30 62 60 28)
4(28 60 58 26)
4(26 58 56 24)
4(24 56 54 22)
4(22 54 52 20)
4(20 52 50 18)
4(18 50 48 16)
4(16 48 46 14)
4(14 46 44 12)
4(12 44 42 10)
4(10 42 40 8)
4(8 40 38 6)
4(6 38 36 4)
4(4 36 34 2)
4(2 34 32 0)
4(0 32 33 1)
4(1 33 35 3)
4(3 35 37 5)
4(5 37 39 7)
4(7 39 41 9)
4(9 41 43 11)
4(11 43 45 13)
4(13 45 47 15)
4(15 47 49 17)
4(17 49 51 19)
4(19 51 53 21)
4(21 53 55 23)
4(23 55 57 25)
4(25 57 59 27)
4(27 59 61 29)
4(29 61 63 31)
4(94 92 124 126)
4(92 90 122 124)
4(90 88 120 122)
4(88 86 118 120)
4(86 84 116 118)
4(84 82 114 116)
4(82 80 112 114)
4(80 78 110 112)
4(78 76 108 110)
4(76 74 106 108)
4(74 72 104 106)
4(72 70 102 104)
4(70 68 100 102)
4(68 66 98 100)
4(66 64 96 98)
4(64 65 97 96)
4(65 67 99 97)
4(67 69 101 99)
4(69 71 103 101)
4(71 73 105 103)
4(73 75 107 105)
4(75 77 109 107)
4(77 79 111 109)
4(79 81 113 111)
4(81 83 115 113)
4(83 85 117 115)
4(85 87 119 117)
4(87 89 121 119)
4(89 91 123 121)
4(91 93 125 123)
4(93 95 127 125)
4(31 63 127 95)
)


// ************************************************************************* //
