/*--------------------------------*- C++ -*----------------------------------*\
  =========                 |
  \\      /  F ield         | OpenFOAM: The Open Source CFD Toolbox
   \\    /   O peration     | Website:  https://openfoam.org
    \\  /    A nd           | Version:  6
     \\/     M anipulation  |
\*---------------------------------------------------------------------------*/
FoamFile
{
    version     2.0;
    format      ascii;
    class       vectorField;
    location    "constant/polyMesh";
    object      points;
}
// * * * * * * * * * * * * * * * * * * * * * * * * * * * * * * * * * * * * * //


128
(
(0 -0.06016794362 0)
(0 0.06016794362 0)
(0 -0.1789707611 0)
(0 0.1789707611 0)
(0 -0.2933274491 0)
(0 0.2933274491 0)
(0 -0.4007526617 0)
(0 0.4007526617 0)
(0 -0.4993795425 0)
(0 0.4993795425 0)
(0 -0.5880411609 0)
(0 0.5880411609 0)
(0 -0.6662476829 0)
(0 0.6662476829 0)
(0 -0.7340867748 0)
(0 0.7340867748 0)
(0 -0.7920835207 0)
(0 0.7920835207 0)
(0 -0.8410528416 0)
(0 0.8410528416 0)
(0 -0.8819674129 0)
(0 0.8819674129 0)
(0 -0.9158528613 0)
(0 0.9158528613 0)
(0 -0.9437130109 0)
(0 0.9437130109 0)
(0 -0.9664823133 0)
(0 0.9664823133 0)
(0 -0.985 0)
(0 0.985 0)
(0 -1 0)
(0 1 0)
(0 -0.06016794362 1)
(0 0.06016794362 1)
(0 -0.1789707611 1)
(0 0.1789707611 1)
(0 -0.2933274491 1)
(0 0.2933274491 1)
(0 -0.4007526617 1)
(0 0.4007526617 1)
(0 -0.4993795425 1)
(0 0.4993795425 1)
(0 -0.5880411609 1)
(0 0.5880411609 1)
(0 -0.6662476829 1)
(0 0.6662476829 1)
(0 -0.7340867748 1)
(0 0.7340867748 1)
(0 -0.7920835207 1)
(0 0.7920835207 1)
(0 -0.8410528416 1)
(0 0.8410528416 1)
(0 -0.8819674129 1)
(0 0.8819674129 1)
(0 -0.9158528613 1)
(0 0.9158528613 1)
(0 -0.9437130109 1)
(0 0.9437130109 1)
(0 -0.9664823133 1)
(0 0.9664823133 1)
(0 -0.985 1)
(0 0.985 1)
(0 -1 1)
(0 1 1)
(1.5 -0.06016794362 0)
(1.5 0.06016794362 0)
(1.5 -0.1789707611 0)
(1.5 0.1789707611 0)
(1.5 -0.2933274491 0)
(1.5 0.2933274491 0)
(1.5 -0.4007526617 0)
(1.5 0.4007526617 0)
(1.5 -0.4993795425 0)
(1.5 0.4993795425 0)
(1.5 -0.5880411609 0)
(1.5 0.5880411609 0)
(1.5 -0.6662476829 0)
(1.5 0.6662476829 0)
(1.5 -0.7340867748 0)
(1.5 0.7340867748 0)
(1.5 -0.7920835207 0)
(1.5 0.7920835207 0)
(1.5 -0.8410528416 0)
(1.5 0.8410528416 0)
(1.5 -0.8819674129 0)
(1.5 0.8819674129 0)
(1.5 -0.9158528613 0)
(1.5 0.9158528613 0)
(1.5 -0.9437130109 0)
(1.5 0.9437130109 0)
(1.5 -0.9664823133 0)
(1.5 0.9664823133 0)
(1.5 -0.985 0)
(1.5 0.985 0)
(1.5 -1 0)
(1.5 1 0)
(1.5 -0.06016794362 1)
(1.5 0.06016794362 1)
(1.5 -0.1789707611 1)
(1.5 0.1789707611 1)
(1.5 -0.2933274491 1)
(1.5 0.2933274491 1)
(1.5 -0.4007526617 1)
(1.5 0.4007526617 1)
(1.5 -0.4993795425 1)
(1.5 0.4993795425 1)
(1.5 -0.5880411609 1)
(1.5 0.5880411609 1)
(1.5 -0.6662476829 1)
(1.5 0.6662476829 1)
(1.5 -0.7340867748 1)
(1.5 0.7340867748 1)
(1.5 -0.7920835207 1)
(1.5 0.7920835207 1)
(1.5 -0.8410528416 1)
(1.5 0.8410528416 1)
(1.5 -0.8819674129 1)
(1.5 0.8819674129 1)
(1.5 -0.9158528613 1)
(1.5 0.9158528613 1)
(1.5 -0.9437130109 1)
(1.5 0.9437130109 1)
(1.5 -0.9664823133 1)
(1.5 0.9664823133 1)
(1.5 -0.985 1)
(1.5 0.985 1)
(1.5 -1 1)
(1.5 1 1)
)


// ************************************************************************* //
