/*--------------------------------*- C++ -*----------------------------------*\
  =========                 |
  \\      /  F ield         | OpenFOAM: The Open Source CFD Toolbox
   \\    /   O peration     | Website:  https://openfoam.org
    \\  /    A nd           | Version:  6
     \\/     M anipulation  |
\*---------------------------------------------------------------------------*/
FoamFile
{
    version     2.0;
    format      ascii;
    class       volScalarField;
    location    "4";
    object      ducSensor;
}
// * * * * * * * * * * * * * * * * * * * * * * * * * * * * * * * * * * * * * //

dimensions      [0 0 0 0 0 0 0];

internalField   nonuniform List<scalar> 
16128
(
0
0.0364718
0
0
0
0.0527674
0
0
0.0550552
0
0.00295021
0
0
0.0367867
0
0
0.0108875
0.00395676
0.0128674
0.0349519
0.157724
0
0
0.987513
0.979181
0.885643
0
0.064772
0.0532517
0.0747964
0.0711251
0.0563799
0.0509675
0.0419566
0.00152581
0
0.016768
0.0163674
0.00542301
0.0195208
0.020681
0.0111672
0.0187694
0.0427758
0.0497617
0.117632
0
0.219098
0
0
0.00603675
0
0.00834409
0
0.00676716
0
0
0.0247236
0.0108686
0.00975326
0.0314846
0
0.00267233
0
0.000732687
0.0143104
0.014867
0.0135212
0.0151022
0.0738839
0.909977
0.993557
0.985147
0.83771
0.00551947
0.0928452
0.0695493
0.0715968
0.0473088
0.074991
0.0171908
0
0.00877553
0
0.0140562
0.00778123
0.00853402
0.00269645
0
0
0
0
0
0
0.000774192
0
0
0.0159349
0
0.0134487
0
0
0.0238877
0.0211259
0
0.0176007
0
0
0
0.0439304
0
0
0
0.0194094
0.0188761
0.0265036
0
0
0.562706
0.975129
0.974941
0.902358
0.055935
0.104347
0.0528287
0.0321354
0.0245797
0.026281
3.79982e-05
0
0
0
0.00769659
0.108882
0.163688
0.0315523
0
0.0219986
0
0
0
0
0
0
0
0.0091303
0
0.0123751
0.018317
0.0228452
0
0.0166569
0
0.00953462
0
0.0368108
0.0110924
0.00671333
0
0.00581311
0
0.0038499
0
0.0174871
0.100947
0
0
0.981565
0.974241
0.935634
0
0.111766
0.0220627
0
0.0297365
0
0.019761
0.0972372
0.0623147
0.128411
0.161029
0.119931
0
0.0126523
0
0
0
0
0
0.0588884
0.00901754
0.0547516
0.0630794
0
0.033161
0
0.0412041
0
0
0
0.00182631
0.0786237
0
0.0207823
0
0.0530696
0
0.0288341
0
0.00271801
0.00772995
0.0274742
0
0.13541
0
0.990936
0.999411
0.995329
0
0.246163
0.0121067
0
0.0805937
0.101747
0.241206
0.189088
0.0797413
0
0.0232584
0.0127234
0.00281055
0
0
0
0
0
0
0
0.0355568
0.0691537
0.0142301
0
0.00468946
0.0108992
0.01956
0
0.0068144
0
0.00799092
0
0.0105037
0.00955813
0
0
0
0.0310639
0
0
0.0701712
0
0.0525468
0.0393221
0
0.987946
0.992617
0.992878
0
0.0846818
0.00839875
0.0803605
0.0230828
0
0.0388941
0
0
0
0.0194526
0.0214551
0.0217538
0.00485057
0.00760708
0.0105225
0
0
0.0042724
0
0
0.0418996
0
0.0285959
0
0
0.0287142
0
0.0871308
0
0.0300694
0
0.0383318
0
0.0539308
0
0
0.0530837
0
0.0440593
0
0.0142899
0.208676
0
0
0.904115
0.983985
0.993674
0.0348064
0.232055
0.230955
0.187346
0.102769
0
0
0.0703843
0.122842
0.118042
0.00169037
0.0141289
0.019494
0
0
0
0
0
0.046024
0.0125369
0
0
0
0
0.01607
0.00247002
0.0227987
0
0.0128909
0
0.0352493
0
0
0
0.0447447
0
0.00507163
0
0.0493423
0
0.098682
0
0
0.0984885
0
0.878457
0.997787
0.987284
0.24349
0.119597
0.113958
0.0716698
0.0132113
0.0454054
0.0683707
0.062295
0.0372574
0
0
0.0253005
0
0
0
0
0.0105542
0
0.00717217
0
0
0
0.0256045
0
0
0.0789362
0
0
0
0.0658002
0
0.0591676
0
0.0020564
0.0525708
0
0.0883972
0
0.222277
0
0.0113035
0
0.0146505
0
0
0.934249
0.997881
0.9984
0.64723
0.0631769
0.151978
0.11332
0.110765
0.05724
0.0230692
0
0
0
0
0
0
0.0480089
0.055648
0.0397087
0.0428423
0.056581
0.00551869
0
0
0
0
0.0178399
0
0.0473294
0
0.0394367
0.0199261
0.0101998
0
0.0221332
0
0.0081905
0.00318842
0.0321742
0
0.0619848
0.0217179
0
0.0346461
0.0207239
0.173186
0
0
0.90155
0.99789
0.99858
0.87829
0.0861735
0.158949
0.090281
0.120318
0
0
0
0.0234334
0
0
0.00351496
0.00477445
0.156979
0.148555
0.195177
0.181866
0
0
0
0.0295189
0.0732654
0
0.00921576
0
0
0.0119716
0.0126217
0.0339879
0
0.0180112
0
0
0.0395349
0
0.0296768
0
0.0321267
0
0.0158882
0
0.0351272
0
0.156749
0.539542
0.867837
0.998564
0.995949
0.962721
0.0615005
0.214979
0.0663676
0.04884
0.146187
0.0749002
0
0.0280729
0.0434699
0.0148202
0
0.0899201
0.279346
0.257276
0.275352
0
0
0
0.0987424
0.0154011
0.156007
0
0.0248403
0.00800639
0
0.0323684
0
0.0173243
0
0
0.0427933
0
0.031962
0
0
0.0137877
0
0.0586307
0
0
0
0.00626866
0.137638
0.0409147
0.765394
0.993648
0.990911
0.978425
0
0.317738
0.104532
0.0571642
0.124262
0.159212
0.00330079
0.0268324
0.0512098
0.157971
0
0.00633208
0.0647825
0.140624
0
0
0
0.185747
0
0
0
0
0.0435912
0
0.0277474
0
0.0268878
0.0245915
0.0010807
0
0.0433408
0.00724033
0
0.0155905
0
0.053054
0
0.00880477
0.0145703
0.0363052
0.0227795
0.0474919
0.152933
0
0
0.988731
0.95088
0.94125
0
0.00423365
0
0.082126
0
0.0355258
0.0517652
0.0893146
0
0.15112
0.10971
0.0584892
0
0
0
0.0336347
0.00270488
0.0585481
0
0
0
0.0715123
0
0.0123191
0
0.037743
0.00992835
0
0.0193398
0
0.0179189
0.0154717
0.00879834
0
0.0189402
0.0232016
0.0202889
0
0.0263268
0.0425746
0
0.0440682
0.148303
0
0
0.941006
0.971073
0.982314
0
0
0
0.0151327
0
0.0745608
0.0969877
0.0469628
0
0.247609
0
0.346101
0
0.138038
0
0.30618
0
0
0
0
0
0.0151061
0.00558218
0
0
0.0296972
0
0
0
0.0343432
0
0.0365757
0
0
0.0569031
0
0.0741634
0
0.121851
0
0
0.0260721
0.136736
0
0
0.701847
0.996445
0.998166
0.65853
0
0
0.00202842
0.0439889
0.0667286
0
0
0.0260525
0
0.0253375
0.00359299
0
0.27787
0
0
0
0
0
0
0
0
0.0134155
0
0.0401031
0
0
0.0557858
0
0
0
0.048331
0
0
0.0159404
0
0.0226474
0
0.0481967
0
0.0975576
0
0
0.00735917
0
0.777569
0.995824
0.998691
0.836192
0
0.0685281
0.0905756
0.00820342
0.0158846
0.0350808
0
0.0278434
0.0437395
0.014171
0
0
0.287535
0
0
0
0.713419
0
0.58835
0
0.0122448
0
0.0640785
0
0.0201883
0
0.00565497
0.00335184
0.00102928
0.0612362
0
0
0.00634486
0.00310719
0.00524447
0
0
0
0.098692
0
0
0.0261087
0.051783
0.402585
0.781095
0.998239
0.998182
0.935924
0
6.34835e-05
0.130243
0
0.234441
0
0.0224206
0.00444207
0
0
0.00679333
0.021385
0
0
0
0
0
0
0
0
0
0.000167019
0.0147327
0
0.0420594
0
0
0
0.0199757
0.02898
0
0.0499702
0.0029713
0
0.0033823
0.00398355
0.0223452
0
0
0
0.0196974
0.0338807
0.0153697
0
0.38813
0.98315
0.950946
0.96153
0.00736452
0.077904
0
0.0186623
0
0.029919
0.0461274
0
0
0
0
0
0
0
0
0
0
0
0
0
0
0.037315
0
0.0144065
0.00168155
0
0.0200407
0
0
0
0.0620943
0
0.00164236
0.00172759
0
0.00897497
0
0
0.00257154
0.0359024
0.00379208
0.0373443
0.172878
0
0
0.969845
0.960058
0.968968
0
0.0298915
0
0.14818
0.162077
0
0
0
0
0
0
0
0
0
0
0
0
0
0
0
0
0.0568132
0
0.0873401
0
0.0994813
0
0.0237911
0
0
0.0496663
0
0.0344289
0
0
0.00109017
0.0155983
0.00486813
0.0260114
0
0.140548
0
0
0.0945729
0
0.65346
0.996751
0.997073
0.813526
0
0.100523
0
0.0622798
0.0162404
0
0
0
0
0
0
0
0
0
0
0
0
0
0
0.012984
0.00683268
0
0.0356626
0
0.0454224
0
0.0355478
0
0.0669725
0
0.0212936
0
0.0220855
0.003401
0
0.0339868
0
0.124569
0
0.0651765
0
0.016526
0
0
0.663587
0.996345
0.998715
0.85638
0
0.29304
0
0.365305
0
0
0
0
0
0
0
0
0
0
0
0
0
0
0
0
0.0554361
0
0
0
0
0.0219251
0.00307283
0
0.0943754
0
0.0476663
0
0.0257649
0
0.00700778
0.00391448
0
0.0305688
0.0556727
0
0.0204416
0.0423253
0
0
0.372589
0.987475
0.945656
0.985351
0
0
0.024185
0
0
0
0
0
0
0
0
0
0
0
0
0
0
0
0
0
0
0.0352954
0
0.043443
0
0.0373555
0
0.0372606
0
0.0820729
0
0.0584857
0
0.020813
0
0.00460839
0.0227473
0
0.107642
0
0.0468624
0
0.29285
0
0
0.968362
0.966509
0.986383
0
0
0
0
0.0134598
0
0
0
0
0
0
0
0
0
0
0
0
0
0
0.014182
0
0.0490586
0
0.0528671
0
0.054966
0
0.0323884
0
0.0676326
0
0.013959
0
0
0.0634336
0
0.0430695
0
0.0932392
0
0.0278878
0
0.0455888
0.0472933
0
0.633945
0.991942
0.99827
0.611043
0
0
0.205552
0
0.0199591
0
0
0
0
0
0
0
0
0
0
0
0
0
0
0.00693672
0.000767704
0
0.020516
0
0.0743066
0
0.0355468
0
0
0.0320149
0
0.0112032
0
0.0328244
0
0.0409715
0
0.051167
0
0.000639327
0.0455267
0
0.0751962
0.311369
0.569698
0.988959
0.971709
0.966307
0.0709819
0
0
0.0117137
0.0222415
0
0
0
0
0
0
0
0
0
0
0
0
0
0.0032723
0
0
0.0392362
0
0.0323296
0
0
0.0136711
0.000221042
0
0.00683
0
0
0.00129681
0
0.0498688
0
0.0378927
0
0.0163311
0.0277974
0.022509
0.0521243
0.117267
0
0
0.985172
0.947504
0.934479
0
0
0
0.0305392
0
0
0
0
0
0
0
0
0
0
0
0
0
0
0.0351608
0.0160378
0
0
0
0.040057
0
0.0693756
0
0.0921247
0
0
0.00496997
0
0.0771759
0
0.0990873
0
0.0995974
0
0.024231
0.00512896
0.0028864
0
0.0121423
0.0839803
0
0.704104
0.999112
0.996667
0.604303
0
0.351542
0
0
0
0
0
0
0
0
0
0
0
0
0
0
0
0
0.0231592
0.000314918
0
0.0252799
0
0.0690462
0
0
0.0219837
0
0.0347209
0
0
0.0147422
0.0257396
0.00250748
0
0.0450944
0
0.0857083
0
0.061337
0
0.0166722
0.0195604
0.0302107
0.625195
0.989527
0.966241
0.938589
0
0
0
0
0
0
0
0
0
0
0
0
0
0
0
0
0
0
0.0105243
0.00347194
0.0435813
0
0.0100691
0.0114467
0
0
0.0458193
0
0.0541479
0
0.0103851
0
0.0479362
0
0.0209223
0
0.00891728
0.0412682
0
0.0715694
0
0.0691869
0.133457
0
0
0.987904
0.955675
0.975779
0
0
0
0
0
0
0
0
0
0
0
0
0
0
0
0
0
0
0.00690434
0
0.0801801
0
0.0713327
0
0.0535869
0
0
0.0502045
0
0.0631463
0
0.0578311
0
0.0142073
0.0068392
0
0.0197179
0.00128584
0.0139249
0
0
0.0272543
0.0949852
0.0118035
0
0.706981
0.998188
0.996093
0.488768
0
0
0
0
0
0
0
0
0
0
0
0
0
0
0
0
0
0.0146433
0
0.0246202
0.0140247
0.000740041
0.0030063
0.00849029
0
0
0.0527025
0
0.0235419
0
0.0136839
0
0
0.0459136
0
0.0757786
0
0.0888671
0
0.0509323
0
0.00921417
0
0
0.554944
0.998746
0.955546
0.960836
0
0.0975075
0
0
0
0
0
0
0
0
0
0
0
0
0
0
0.0400958
0
0.0459667
0
0.0792731
0
0.0262749
0
0.0261474
0.00976451
0
0.00448189
0
0.0780847
0
0.0364828
0.0223915
0
0
0.012725
0.00434697
0
0
0.0210662
0
0.0770532
0.10121
0.0105959
0
0.979802
0.967459
0.98837
0.0692256
0
0
0
0
0
0
0
0
0
0
0
0
0
0
0
0.013201
0
0.00582772
0
0.0356886
0
0.0805578
0
0.0242517
0.00352024
0
0.0561612
0
0.0768276
0
0.0315066
0
0.020492
0
0
0.0254768
0
0.000787282
0
0.00130565
0
0.106438
0
0
0.677627
0.999109
0.973548
0.873945
0
0
0
0
0
0
0
0
0
0
0
0
0
0
0
0.0385868
0
0.00519907
0.0212011
0
0
0.0174067
0.0246582
0
0
0.00354985
0.028696
0.0118316
0
0
0.0319778
0
0.0539369
0
0.0130332
0
0.035676
0
0
0
0
0.119104
0
0.15581
0
0.985684
0.956868
0.976421
0
0
0
0
0
0
0
0
0
0
0
0
0
0
0
0.0529595
0
0
0.0422027
0
0.0312746
0
0.0242664
0
0.0155315
0
0
0.00249286
0
0.0235685
0
0.05125
0
0.048657
0
0.0637198
0
0.0243634
0
0.0534277
0
0
0.113538
0.119041
0
0.874107
0.997212
0.982212
0.546473
0
0
0
0
0
0
0
0
0
0
0
0
0
0
0
0.0355921
0
0.0482702
0
0.0201572
0
0.00724944
0
0.0482492
0
0
0
0.00236273
0.0527593
0
0.0134407
0
0
0
0
0.0316649
0
0.0245497
0
0.126056
0
0.00232513
0.010619
0
0.332527
0.9914
0.958914
0.968952
0
0
0
0
0
0
0
0
0
0
0
0
0
0
0
0.0731143
0
0.00729533
0.0158896
0.0162085
0
0.00817634
0.030373
0
0.00859763
0
0.0394594
0
0.00123
0
0.00190725
0.0229693
0
0.0284903
0
0.0369756
0
0.0220611
0
0.00274395
0.0392443
0
0.152382
0
0
0.955535
0.993359
0.988575
0.572532
0
0
0
0
0
0
0
0
0
0
0
0
0
0
0.0294364
0.00723653
0
0
0.0798969
0
0.0185728
0
0.000653689
0.0280443
0
0.00717666
0.0236759
0.00522828
0
0.0224555
0
0.0341824
0
0.0343196
0
0.015327
0
0.0143909
0.0196087
0.0181841
0.0219616
0.119339
0.0114788
0
0.621193
0.997914
0.962411
0.960323
0
0
0
0
0
0
0
0
0
0
0
0
0
0
0
0.0286858
0
0.0174457
0
0.0379709
0.00652577
0.0220201
0
0.029812
0.0091732
0
0.0244038
0
0.0109313
0
0
0
0
0
0
0.00666432
0
0.0119995
0
0.000428849
0
0.0201949
0.102356
0
0
0.970222
0.988036
0.991149
0.027718
0
0
0
0
0
0
0
0
0
0
0
0
0
0.000349049
0.0253509
0
0.0268538
0
0.0259937
0
0
0.0179369
0
0.0308954
0
0.0130376
0
0.0529103
0
0.0404336
0
0.0609399
0
0.00594008
0.0105397
0
0.0448974
0
0.0318587
0
0.00418703
0
0.154625
0
0.720154
0.999105
0.961768
0.929875
0
0
0.00999129
0
0
0
0
0
0
0
0
0
0.0215197
0.0026793
0
0
0.0132071
0
0
0.034894
0
0.01806
0
0.008404
0
0.0237277
0.0251425
0
0
0.00639047
0.0124125
0
0.0239223
0.000425244
0
0
0
0
0
0.0239198
0
0.0426335
0.152426
0
0
0.971527
0.982012
0.982089
0
0
0
0
0
0
0
0
0
0
0
0
0.0334955
0
0.0208722
0
0
0.0609545
0
0.00798741
0
0.0164502
0.0178393
0
0
0
0.0547614
0
0.0435212
0
0.00947937
0
0.022834
0.0126909
0
0.0105427
0
0.0361986
0
0.00200846
0
0
0.0737705
0.227985
0
0.729341
0.999127
0.959656
0.917137
0
0
0
0
0
0
0
0
0
0
0
0.000958905
0.0294271
0
0.0507669
0.0103061
0
0
0.0285657
0.0636545
0
0.0357623
0.0191446
0.016488
0
0
0.0238171
0
0.0194983
0.0109359
0.00466677
0
0.0336668
0.0130297
0.0014969
0
0.000486749
0.0286726
0
0.0205352
0
0.0563304
0.152869
0
0
0.970884
0.98351
0.977387
0
0
0
0
0
0
0
0
0
0
0
0
0.0552125
0
0
0.0277605
0
0.0671109
0
0.0634818
0
0.0136442
0.00309965
0
0.0132631
0
0.0393855
0
0
0
0.00845499
0.00235323
0
0.0114244
0
0.0559054
0
0.0156588
0
0.0172389
0.00268767
0
0.0694785
0.243391
0
0.717804
0.998288
0.962779
0.900169
0
0
0
0
0
0
0
0
0
0
0
0
0.0463899
0
0.0154935
0
0.0399403
0
0
0.00397779
0
0.0313761
0
0.0118348
0
0.0323478
0
0
0.0330035
0
0
0.00999607
0.00215423
0
0
0.0223804
0
0.0172453
0
0.0100386
0
0.0271517
0.0898246
0.0190726
0
0.970617
0.991213
0.975456
0.220861
0
0
0
0
0
0
0
0
0
0.00897841
0
0.0325239
0
0
0
0.0264001
0.0106467
0
0.0374886
0
0
0.0237038
0
0.00700014
0
0.040283
0
0.0304461
0
0.0373161
0.0177168
0
0.0104725
0.00383553
0.0239231
0
0.0340159
0.0433092
0.0409689
0.00754161
0.0255466
0.0692545
0.210657
0
0.673677
0.996887
0.964893
0.950586
0
0
0
0
0
0
0
0
0
0
0
0.0537228
0.0244506
0
0.00789655
0
0
0
0.0166445
0
0
0.0637799
0.00010854
0.00335542
0.0074735
0.025547
0
0.00486244
0
0
0
0.0135809
0.0366735
0
0
0
0.0330911
0
0.0153544
0
0.00300779
0.0144007
0.0996462
0
0
0.955194
0.992971
0.970458
0.37486
0
0
0
0
0
0
0
0
0
0.023386
0
0.0128465
0.000515809
0
0.0161081
0
0.0235561
0
0.0440338
0
0.00825864
0.0267677
0.00895583
0.0419193
0.00177916
0.0334174
0.012954
0.02567
0
0.0397057
0.0210155
0
0.000671096
0.0103478
0.0162931
0
0
0
0.0107967
0
0.0033994
0
0.165152
0
0.449018
0.99177
0.968507
0.942827
0
0
0
0
0
0
0
0
0
0.0403314
0
0
0.0604492
0
0
0.143814
0
0.168677
0
0.132113
0
0.174207
0
0.192823
0
0.224625
0
0.247592
0
0.261915
0
0.278267
0
0.327166
0
0.364038
0
0.416674
0
0.476848
0
0.551961
0
0.611176
0
0.913014
0.995816
0.954706
0.829191
0
0
0
0
0
0
0
0
0.0175249
0
0.00568558
0.0495139
0
0
0.017814
0
0
0
0
0
0
0
0
0
0
0
0
0
0
0
0
0
0
0
0
0
0
0
0
0
0
0
0
0
0
0.974366
0.980726
0.961783
0
0
0
0
0
0
0
0.0154575
0
0
0.00908372
0.00451494
0
0.0816307
0
0.154116
0
0.173903
0
0.187149
0
0.197637
0
0.206087
0
0.200098
0
0.20751
0
0.287835
0
0.298762
0
0.322255
0
0.345336
0
0.394688
0
0.443596
0
0.530743
0
0.592051
0
0.802313
0.998058
0.968242
0.907841
0
0
0
0
0
0
0
0.0687224
0
0.136893
0
0.0993209
0
0
0.0444024
0
0.0158218
0.0323208
0.00141868
0
0.0235255
0.0184771
0
0.00809769
0.0319497
0
0
0.00595755
0
0.0254807
0
0
0.0189227
0
0.0174147
0.00458984
0.0162237
0
0.0354673
0.0102934
0.0211593
0.0322795
0
0.250402
0
0.956632
0.993952
0.965862
0.640222
0
0
0
0
0
0.0152897
0.00184433
0
0
0
0.015953
0.00234397
0
0
0
0.0102955
0.00404021
0.0106758
0
0
0.0330234
0.0108347
0
0.0886129
0
0.0963419
0
0
0.0484029
0.023253
0.00308328
0.0226051
0
0.0810854
0
0.0535638
0
0.0804092
0
0.0861462
0
0.0633853
0.0207462
0
0.489626
0.989852
0.973077
0.946474
0
0
0
0
0
0.00592244
0
0.0832184
0
0.14922
0
0.0471328
0.00659391
0
0.0483843
0.00137173
0
0.0347139
0
0.0152583
0
0.0543392
0
0.0996637
0
0.188515
0
0.158114
0
0.179485
0
0.197117
0
0.215483
0
0.233348
0
0.277548
0
0.323988
0
0.404255
0
0.416237
0
0.889674
0.998914
0.964826
0.853187
0
0
0
0
0.00489774
0
0.0554999
0
0
0.0549128
0
0
0
0.0262802
0
0
0.00365107
0.0109731
0
0.0856833
0
0
0.0329629
0
0.0298799
0
0
0
0
0
0.0144919
0
0
0
0
0
0
0
0
0
0
0
0.0111752
0
0
0.969407
0.993019
0.960399
0.693162
0
0
0
0
0.0161641
0.00597829
0
0.0170186
0
0.00872959
0.0238632
0
0.0141812
0
0.0263087
0.00122545
0.00845193
0.00892901
0
0
0.053629
0
0.172022
0
0.178733
0
0.160817
0
0.185279
0
0.208653
0
0.221411
0
0.240716
0
0.263418
0
0.291523
0
0.334622
0
0.348923
0
0.639262
0.991729
0.974467
0.948463
0
0
0.0917282
0
0.0599783
0
0.0602944
0
0.000541677
0
0
0.0066521
0.00915773
0
0
0.0316278
0
0.0345284
0
0.0276038
0
0.144998
0
0.117396
0
0.129717
0
0.149275
0
0.156134
0
0.174148
0
0.193487
0
0.208308
0
0.230851
0
0.261584
0
0.295659
0
0.43701
0
0.899287
0.998902
0.967756
0.840652
0
0
0.0482816
0
0
0.0284936
0.00160801
0
0
0.0520899
0
0
0.0148437
0.0302559
0
0.0191168
0.0151819
0
0
0
0.0276559
0
0.00372919
0
0.00327082
0
0.0186401
0
0.00795085
0
0.0154606
0
0.00935175
0
0
0
0.0110188
0
0
0
0
0
0
0
0
0.967411
0.994005
0.95553
0.732814
0
0.00980683
0
0.0409872
0
0.00266538
0.0282286
0
0
0.0239357
0
0.0416761
0
0.0234225
0.0346974
0
0.0635425
0.0282984
0.0241766
0
0.141951
0
0.103332
0
0.113815
0
0.138484
0
0.155285
0
0.159373
0
0.194666
0
0.214759
0
0.242931
0
0.271783
0
0.308482
0
0.31544
0
0.619022
0.988986
0.977551
0.943255
0.440024
0
0
0.00813566
0.0321092
0
0
0.06748
0
0.0292517
0
0
0
0.0552718
0
0
0.0053038
0
0.0264246
0.00370232
0.0498473
0
0.0464453
0
0
0.0293725
0
0
0.0391074
0
0.004267
0.0249813
0
0.138248
0
0.161255
0
0.169498
0
0.216635
0
0.237657
0
0.425208
0
0.868658
0.998089
0.971519
0.927048
0
0.00825675
0.0256163
0.0419478
0
0.0266299
0.0323945
0
0.00406473
0
0.000738873
0
0.0377931
0
0.0110399
0.0477046
0
0.0264013
0.00148245
0
0.0480576
0
0
0.0232029
0.014141
0.00166514
0
0
0.00238445
0.0712614
0
0.0151774
0.0507513
0
0.0292755
0
0.0649084
0
0.00236261
0
0.0410526
0
0.0475104
0
0
0.950778
0.995426
0.925904
0.000779735
0.00682443
0.0131479
0
0.00344869
0.000220461
0.0305905
0
0
0
0
0.00921156
0.00467202
0
0.0338285
0
0.017051
0
0.0541502
0
0
0
0
0.0119799
0
0
0.00912206
0
0.0502747
0
0
0.0644296
0
0.141049
0
0.0255937
0.069524
0
0.118913
0
0.237228
0
0.372177
0
0.540254
0.106416
0.970835
0.989147
0
0.100411
0
0.11861
0
0.0107603
0.0301334
0.0290396
0
0.0366868
0.00317096
0
0
0.00964354
0.0469822
0
0.0425737
0.00151138
0
0
0.00495232
0.0187649
0.018202
0
0.00495712
0.0128882
0.00509142
0
0.0418563
0
0
0
0
0.0410384
0.00594808
0
0
0.0230072
0
0.017171
0
0
0
0
0
0
0.127917
0.998636
0
0
0
0
0.0171679
0
0.0134398
0
0.00228915
0
0.0449525
0
0
0.0418011
0
0.0240404
0.0359466
0
0.0358114
0
0.00261986
0.0535894
0
0.0165882
0.027471
0
0.0184168
0
0.0755304
0
0.0772389
0
0.00674677
0.0257445
0
0.183126
0
0.227982
0
0.339832
0
0.441175
0
0.610496
0
0.645143
0
0.998752
0.125481
0
0.113376
0
0.0559413
0
0
0.0257564
0.00469025
0
0
0.0290083
0
0
0
0.0479672
0
0
0.0401063
0
0
0.0336649
0
0.0388198
0
0
0.00736443
0.0181172
0
0
0
0.0311717
0.0257718
0
0
0.0114218
0.0470396
0
0
0.00745046
0.0317834
0.0421654
0.00790938
0.0494966
0.188603
0
0.333257
0.946206
0.0243316
0
0.0171478
0.00673076
0.0150685
0
0
0
0
0.0075238
0.0204785
0
0.0467411
0
0
0.0208759
0
0
0.023131
0
0.0321417
0
0.00635809
0
0
0
0.0167381
0.0192918
0
0.0341563
0
0.0227
0
0.0406691
0
0.045694
0
0.0182949
0.0225391
0.0396392
0
0.0304751
0
0.0608635
0.0644851
0.211064
0.964024
0.996952
0.0135631
0
0
0.0157495
0
0.0236511
0
0
0
0.0907248
0
0.00833291
0.0158664
0
0
0
0
0
0.0533443
0
0.00625211
0.0109347
0
0.00269877
0
0.0146708
0.0225378
0.0148294
0
0.0161146
0.0285255
0.0184923
0
0.00107868
0.00721212
0.019047
0
0.00437784
0.0917072
0
0.119574
0
0.172783
0
0.160166
0
0.886016
0.984402
0.0235025
0
0.000796315
0.0294458
0
0
0
0.0299269
0.0354288
0
0.0169493
0.0060944
0
0.0171009
0.00882417
0
0.0327989
0
0.0258701
0
0
0.0457822
0
0.0406763
0
0.052837
0
0.0414497
0
0
0
0.0073918
0
0
0.0174027
0
0.0461538
0
0.0443225
0
0.0108388
0
0.0349145
0
0.0577258
0
0
0.978744
0
0.0829109
0
0
0.0782998
0
0
0.0261521
0
0
0.0394249
0
0
0.0704252
0
0.0411305
0
0.0151774
0.0193256
0
0.0378724
0
0.0441137
0.0252972
0
0.0332975
0
0
0.00299463
0
0
0.00475492
0.0101669
0
0
0
0.0377609
0.00658806
0
0.0971848
0
0.14989
0
0.160368
0
0.113068
0
0.997635
0
0.039529
0
0
0.0106799
0.00192946
0.0644878
0
0
0.00748134
0
0
0.0710991
0.00735797
0
0.0524404
0
0.013178
0.00351646
0.035322
0.0161141
0.0123559
0.0306789
0
0
0
0.0133634
0.00460528
0.0101608
0.0100084
0.0333273
0
0
0.0173048
0
0.0113955
0
0.0119903
0
0.0286999
0
0
0.0157674
0
0.0371032
0.0609185
0
0.99167
0.0231251
0
0
0.0752096
0
0.0629992
0
0.00136762
0.00441006
0
0
0.0307059
0
0
0.0413494
0.0126355
0
0
0
0.0704726
0
0
0.0461946
0
0.0411077
0
0
0.0449866
0.00458913
0
0.0159262
0
0.000394749
0
0.0221306
9.41946e-05
0
0.0130808
0
0.0422001
0
0
0.0222248
0.022176
0.113473
0
0
0.990294
0
0.0570785
0
0.049738
0
0.0276698
0
0.00980474
0
0.0117333
0.0165606
0
0.0424416
0
0
0
0
0
0.0256311
0.0124114
0
0.00840125
0.0462563
0
0.0357731
0.00382039
0.0102993
0.0152976
0.0374942
0
0
0.0294542
0.0114761
0.0029263
0.00521559
0.0294238
0
0
0
0.0200655
0
0.0132025
0
0.0831624
0.108082
0
0
0.992663
0
0.0457815
0
0
0.0960102
0
0.0153527
0
0.0132697
0
0.00507096
0.0216997
0.000793259
0.0256135
0
0
0
0.0398988
0
0
0
0.0240684
0.0028171
0
0.032402
0
0
0.080537
0
0
0
0.000461096
0.024272
0.0443036
0
0.0116726
0.0184754
0
0
0.0394844
0
0.062962
0.0098104
0.0123742
0.135937
0
0
0.989143
0.0146387
0.0048231
0.00532333
0
0.0216655
0
0.00313996
0.0123405
0
0
0.0890015
0
0.0114911
0
0
0.00111881
0.0100197
0
0.0165725
0
0
0.0401355
0
0.0349449
0
0.0071543
0
0.04835
0
0
0.0295866
0
0
0.0622502
0.000512847
0
0.01389
0.0337473
0
0
0.0197844
0.0701939
0.202578
0
0.00844685
0.0498423
0
0.982041
0
0.0122236
0.0068813
0
0.0163515
0
0.0607252
0.00566148
0
0.0408235
0.00336911
0
0
0.0260731
0.0189525
0
0.052703
0
0
0.0209594
0
0.0623659
0
0.0121576
0.0732142
0
0.0170712
0.00206228
0
0.0312189
0
0
0.0504294
0
0.0298903
0
0.0519572
0
0.0815619
0
0.0454793
0
0.0413898
0
0.0668211
0
0
0.983347
0
0.0716686
0
0.0582231
0
0.0675474
0
0
0.00392202
0.0117033
0
0.03721
0
0.0504078
0
0.0229361
0
0.0406321
0
0
0.0572495
0
0
0.0148858
0
0.0434661
0.0288646
0
0
0
0
0.033523
0.00336727
0
0.064187
0
0
0
0.0176355
0
0.149293
0
0.0914512
0.00198154
0.0370594
0
0
0.975529
0.018174
0
0
0.0400181
0.0111548
0
0.0091404
0
0
0.0285416
0
0.0585126
0
0.0491506
0
0
0.0443881
0
0.0125862
0.0455622
0
0.00310332
0.0488457
0
0
0.0355928
0.0156344
0
0.00344744
0.0278429
0
0
0.0230236
0.0148238
0
0
0.061427
0
0.0622463
0
0.0480703
0
0
0.0118311
0
0.0343058
0
0.986159
0.0392004
0
0.00946832
0
0.0481338
0
0
0.0490596
0
0
0.00532662
0.0980498
0
0.0412557
0
0
0.0740536
0
0.00952174
0.014237
0
0.0117153
0
0
0
0
0.0981529
0
0.0152149
0.0380283
0
0.0151314
0
0
0.0222369
0
0.00690194
0
0.0633027
0
0.0610165
0
0.0392321
0
0.0307472
0.00482446
0
0.992878
0.0204997
0
0.00242853
0
0.00127076
0.000177115
0
0.0551708
0
0
0.0471365
0
0
0.03855
0.0209094
0
0
0.0609292
0
0.0379701
0
0.0217416
0.012325
0
0
0
0.0545562
0
0
0.00924088
0.0209387
0
0.0220938
0.00502847
0
0.00728101
0.0168335
0
0.0349775
0.00842457
0
0
0.0294211
0
0.0274209
0
0
0.983263
0.0215338
0
0
0.0363335
0
0
0.0775514
0
0.032292
0
0.0472306
0
0.0714095
0
0.0201153
0.0312287
0
0.0200351
0.0425473
0
0.0094574
0
0.0108537
0.00597475
0
0.0774153
0
0.0325298
0
0
0
0.0186593
0.0120977
0
0
0.0563687
0.000232482
0
0
0.0279685
0.0329254
0.0112092
0
0.0313725
0.0292143
0
0
0.990511
0
0
0
0.679685
0.983216
0.993553
0.996128
0.994566
0.995031
0.996086
0.99748
0.997583
0.997231
0.996167
0.994179
0.989767
0.978909
0.942064
0.803351
0.471633
0.200586
0.189704
0.275787
0.50959
0.677415
0.760367
0.775973
0.748577
0.696133
0.628148
0.548453
0.457685
0.370851
0.314792
0.264374
0.248206
0.224374
0.222915
0.204832
0.198869
0.179263
0.158469
0.133923
0.0934528
0.0603934
0.0701921
0.0420564
0.0442342
0.0196232
0
0.000246852
0.0211296
0.0529088
0.116705
0.134902
0.865508
0.995805
0.971935
0.575451
0.0898908
0
0
0
0
0
0
0
0
0
0
0
0
0
0
0
0
0
0
0
0.00853459
0
0
0
0
0
0
0
0
0
0
0
0
0
0
0
0
0
0
0
0
0
0
0
0
0
0
0
0
0
0
0
0
0
0
0
0
0
0
0
0
0
0
0
0
0
0
0
0
0
0
0
0
0
0
0
0
0
0
0
0
0
0
0
0
0
0
0
0
0
0
0
0
0
0
0
0
0
0
0
0
0
0
0
0
0
0
0
0
0
0
0
0
0
0
0
0
0
0
0
0
0
0
0
0
0
0
0
0
0
0
0
0
0
0
0
0
0
0
0
0
0
0
0.676899
0.868755
0.954838
0.977828
0.984924
0.987955
0.985818
0.974204
0.944596
0.906548
0.844832
0.685716
0.404149
0.212513
0.131923
0.0955559
0.149005
0.277167
0.375702
0.411319
0.402506
0.372818
0.326647
0.264355
0.204664
0.155653
0.124363
0.106775
0.0928584
0.0912882
0.0837414
0.0928942
0.0791571
0.0642378
0.063001
0.0437529
0.0315957
0.0254377
0.0341086
0.000486513
0.0302421
0.0172097
0.026101
0.168233
0.0724002
0
0.967353
0.876929
0.575833
0.0212813
0
0.0182535
0
0
0
0
0
0
0
0
0
0
0.00523331
0
0
0
0
0
0
0
0
0
0
0
0
0
0
0
0
0
0
0
0
0
0
0
0
0
0
0
0
0
0
0
0
0
0
0
0
0
0
0
0
0
0
0
0
0
0
0
0
0
0
0
0
0
0
0
0
0
0
0
0
0
0
0
0
0
0
0
0
0
0
0
0
0
0
0
0
0
0
0
0
0
0
0
0
0
0
0
0
0
0
0
0
0
0
0
0
0
0
0
0
0
0
0
0
0
0
0
0
0
0
0
0
0
0
0
0
0
0
0
0
0
0
0
0
0
0
0
0
0
0
0
0
0.104257
0.858082
0.954545
0.984226
0.989653
0.991261
0.984921
0.969929
0.957857
0.934594
0.861704
0.740928
0.55274
0.328642
0.216681
0.186186
0.205886
0.259096
0.317576
0.352149
0.353376
0.337282
0.297175
0.248179
0.185235
0.136928
0.10141
0.0790831
0.0759662
0.0733169
0.0778271
0.0797604
0.0772235
0.0843151
0.0736834
0.050695
0.0450227
0.0348578
0.0330147
0.0893319
0.0964415
0.451782
0
0.995451
0.955197
0.812441
0
0
0.0192324
0
0
0
0.010556
0
0
0
0
0
0
0
0
0
0
0
0
0
0
0
0
0
0
0
0
0
0
0
0
0
0
0
0
0
0
0
0
0
0
0
0.00302783
0
0
0
0
0
0
0
0
0
0
0
0
0
0
0
0
0
0
0
0
0
0
0
0
0
0
0
0
0
0
0
0
0
0
0
0
0
0
0
0
0
0
0
0
0
0
0
0
0
0
0
0
0
0
0
0
0
0
0
0
0
0
0
0
0.0171815
0
0
0
0
0
0
0
0
0
0
0
0
0
0
0
0
0
0
0
0.01148
0
0
0
0
0
0
0
0
0
0
0
0
0
0
0
0
0
0
0
0
0
0
0.480169
0.898671
0.96729
0.98344
0.988924
0.987492
0.980361
0.966057
0.948784
0.918772
0.83537
0.649777
0.446286
0.300159
0.232466
0.252288
0.312422
0.386168
0.428363
0.43425
0.394409
0.337777
0.241918
0.167254
0.104884
0.0768907
0.070973
0.0704768
0.0931271
0.100054
0.117481
0.101682
0.114436
0.0868452
0.158187
0.257437
0.457203
0.818008
0.942704
0.926584
0.997097
0.944923
0.557376
0
0
0.132637
0
0
0
0
0
0
0.0138039
0
0
0
0.0407015
0
0
0
0
0
0
0
0.0670835
0.0110557
0
0
0
0
0
0
0
0
0
0
0
0
0
0
0
0.0221904
0
0
0
0
0
0
0
0
0
0
0
0
0
0
0
0
0
0
0
0
0
0
0
0
0
0
0
0.0333351
0.0539055
0
0
0
0
0
0
0
0
0
0
0
0
0
0
0
0
0
0
0
0
0
0
0
0
0
0
0
0
0
0
0
0
0
0
0
0
0
0
0
0
0
0
0
0
0
0
0
0
0
0
0
0
0
0
0
0
0
0
0
0
0
0
0
0
0
0
0
0
0
0
0
0
0
0
0
0
0
0
0
0
0
0
0
0
0.515289
0.869372
0.946061
0.970252
0.978223
0.980758
0.978311
0.970339
0.955886
0.919219
0.840837
0.675701
0.474258
0.34162
0.277656
0.279912
0.321095
0.359352
0.389447
0.384766
0.363043
0.304925
0.23748
0.187325
0.133012
0.106839
0.0917683
0.0912518
0.105972
0.126858
0.1942
0.360301
0.611066
0.866877
0.949183
0.990112
0.976351
0.955829
0.99649
0.941775
0.420284
0
0
0.134113
0
0
0
0.024226
0
0
0
0.136515
0
0
0
0
0
0
0
0.0137664
0
0
0
0
0.0306558
0
0
0
0
0.104571
0
0
0
0
0
0
0
0
0
0
0
0.0140314
0
0
0
0
0
0
0
0
0
0
0
0
0
0
0
0
0
0
0
0
0
0
0
0
0
0
0
0
0
0
0
0
0
0
0
0
0
0
0
0
0
0
0
0
0
0
0
0
0
0
0
0
0
0
0
0
0
0
0
0
0
0
0
0
0
0
0
0
0
0
0
0
0
0
0
0
0
0
0.0317229
0
0
0
0
0
0
0
0
0
0
0
0
0
0
0
0
0
0
0
0
0
0
0
0
0
0
0
0
0
0
0
0
0
0
0.38879
0.845831
0.946283
0.966879
0.975004
0.979792
0.976898
0.968067
0.950756
0.909501
0.825003
0.667689
0.44066
0.263415
0.179126
0.183252
0.23365
0.303575
0.33701
0.347013
0.334029
0.300591
0.248757
0.200016
0.158537
0.162234
0.190576
0.377453
0.666175
0.879253
0.96415
0.983919
0.985853
0.956442
0.581398
0.965247
0.993451
0.955455
0.60389
0
0
0.0880505
0
0
0
0
0
0
0
0
0
0
0
0
0
0
0
0
0
0
0
0
0
0
0
0
0
0
0
0
0
0
0
0
0
0
0
0
0
0
0
0
0
0
0
0
0
0
0
0
0
0
0
0
0
0
0
0
0
0
0
0
0
0
0
0
0
0
0
0
0
0
0
0
0
0
0.029348
0
0
0
0
0
0
0
0
0
0
0
0
0
0
0
0
0
0
0
0
0
0
0
0
0
0
0
0
0
0
0
0
0
0
0
0
0
0
0
0
0
0
0
0
0
0
0
0
0
0
0
0
0
0
0
0
0
0
0
0
0
0
0
0
0
0
0
0
0
0
0
0
0
0
0
0
0
0
0.345877
0.79314
0.915832
0.955631
0.970528
0.975734
0.971996
0.960552
0.939006
0.89074
0.790883
0.616535
0.40535
0.265223
0.188391
0.156091
0.198596
0.236435
0.286055
0.298624
0.306104
0.311736
0.344112
0.479951
0.726892
0.895873
0.965501
0.986593
0.98323
0.936169
0.766492
0.164529
0.537457
0.971209
0.995761
0.969676
0.722412
0
0
0.0140734
0
0
0
0
0
0
0
0.0161591
0
0
0
0
0
0
0
0
0
0
0
0
0
0
0
0
0
0
0
0
0
0
0
0
0
0
0
0
0
0
0
0
0
0
0
0
0
0
0.00588864
0
0
0
0
0
0
0
0
0
0
0
0
0
0
0
0
0
0
0
0
0
0
0
0
0
0
0
0
0
0
0
0
0
0
0
0
0
0
0
0
0
0
0
0
0
0
0
0
0
0
0
0
0
0
0
0
0
0
0
0
0
0
0
0
0
0
0
0
0
0
0
0
0
0.00515131
0
0
0
0
0
0
0
0
0
0
0
0
0
0
0
0
0
0
0
0
0
0
0
0
0
0
0
0
0
0
0
0
0
0
0.475635
0.832505
0.921853
0.952068
0.965192
0.970025
0.967296
0.956855
0.936433
0.889079
0.798633
0.62434
0.425809
0.293239
0.174632
0.185087
0.098725
0.27015
0.367907
0.572128
0.797504
0.931946
0.97656
0.989459
0.977797
0.916063
0.669756
0.413653
0.216833
0.185463
0.730265
0.964541
0.995175
0.982503
0.796937
0
0
0
0
0
0
0
0.0640329
0
0
0
0
0
0
0
0.059111
0
0
0
0
0
0
0
0
0
0
0
0
0
0
0
0
0
0
0
0
0
0.0328579
0
0
0
0
0
0.00278879
0.000740182
0
0
0
0
0
0
0
0
0
0
0
0
0
0
0
0
0
0
0
0
0
0
0
0
0
0
0
0
0
0
0
0
0
0
0
0
0
0
0
0
0
0
0
0
0
0
0
0
0
0
0
0
0
0
0
0
0
0
0
0
0
0
0
0
0
0
0
0
0
0
0
0
0
0
0
0
0
0
0
0
0
0
0
0
0
0
0
0
0
0
0
0
0
0
0
0
0
0
0
0
0
0
0
0
0
0
0
0
0
0
0
0
0
0
0
0.462939
0.818328
0.912707
0.943569
0.957547
0.96466
0.961798
0.948629
0.922985
0.871465
0.767751
0.584636
0.402035
0.318662
0.37361
0.519549
0.822423
0.954563
0.983284
0.988216
0.962971
0.865279
0.615598
0.360753
0.280284
0.252138
0.209219
0.28094
0.767767
0.9652
0.995646
0.975652
0.645233
0
0
0
0
0
0
0
0
0
0
0
0
0
0
0
0
0.0246313
0
0
0
0
0
0
0
0
0
0
0
0
0
0
0
0
0.00609214
0
0
0
0
0
0
0
0
0
0
0
0
0
0
0
0
0
0
0
0
0
0
0
0
0
0
0
0
0
0
0
0
0.0104691
0
0
0
0
0
0
0
0
0
0
0
0
0
0
0
0
0
0
0
0
0
0
0
0
0
0
0
0
0
0
0
0
0
0
0
0
0
0
0
0
0
0
0
0
0
0
0
0
0
0
0
0
0
0
0
0
0
0
0
0
0
0
0
0
0
0
0
0
0
0
0
0
0
0
0
0
0
0
0
0
0
0
0
0
0
0
0
0
0
0
0
0
0
0
0.0750345
0.604072
0.831518
0.908357
0.93749
0.949882
0.956234
0.951632
0.934671
0.909398
0.85095
0.820448
0.825818
0.911216
0.968726
0.987269
0.983955
0.94957
0.82468
0.530645
0.317055
0.22371
0.196607
0.222739
0.224476
0.254456
0.392811
0.778465
0.97259
0.99315
0.958747
0.519244
0
0
0
0
0
0
0
0
0.0255879
0.0966454
0
0
0
0
0
0
0
0
0
0
0
0
0
0
0
0
0
0
0
0
0
0
0
0
0
0
0
0
0
0
0
0
0
0
0
0
0
0
0
0
0
0
0
0
0
0
0
0
0
0
0
0
0
0
0
0
0
0
0
0
0
0
0
0
0
0
0
0
0
0
0
0
0
0
0
0
0
0
0
0
0
0
0
0
0
0
0
0
0
0
0
0
0
0
0
0
0
0
0
0
0
0
0
0
0
0
0
0
0
0
0
0
0
0
0
0
0
0
0
0
0
0
0
0
0
0
0
0
0
0
0
0
0
0
0
0
0
0
0
0
0
0
0
0
0
0
0
0
0
0
0
0
0
0.272476
0.672792
0.844416
0.905665
0.93249
0.947018
0.953467
0.95231
0.953463
0.968056
0.983925
0.991912
0.9849
0.959114
0.885884
0.697528
0.470304
0.314642
0.223259
0.230464
0.276049
0.266871
0.273592
0.234404
0.402204
0.828291
0.979225
0.989451
0.943583
0.419736
0
0
0
0
0
0
0
0
0
0
0
0
0
0
0
0
0
0
0
0
0
0
0
0
0
0
0
0
0
0
0
0
0
0
0
0
0
0
0
0
0
0
0
0
0
0
0
0
0
0
0
0
0
0
0
0.0312985
0
0
0
0
0
0
0
0
0
0
0
0
0
0
0
0
0
0
0
0
0
0
0
0
0
0
0
0
0
0.00224606
0.0554357
0
0
0
0
0
0
0
0
0.0019744
0
0
0
0
0
0
0
0
0
0
0
0
0
0
0
0
0
0
0
0
0
0
0
0
0
0
0
0
0
0
0
0
0
0
0
0
0
0
0
0
0
0
0
0
0
0
0
0
0
0
0
0
0
0
0
0
0
0
0
0
0
0
0
0
0
0
0
0
0.0211761
0.430246
0.737498
0.864441
0.922384
0.959741
0.981166
0.989791
0.993921
0.988981
0.973622
0.946841
0.896265
0.818551
0.71169
0.588925
0.499281
0.489565
0.403509
0.311141
0.254131
0.226834
0.270449
0.433915
0.863302
0.980418
0.989161
0.945315
0.559796
0
0
0
0
0
0
0
0
0
0.0486701
0
0
0
0.0410649
0.0140584
0.000746288
0
0
0
0
0
0
0
0
0
0
0
0
0
0
0
0
0
0
0
0
0
0
0
0
0
0
0
0
0
0
0
0
0
0
0
0
0
0
0
0
0
0
0
0
0
0
0
0
0
0
0
0
0
0
0
0
0
0
0
0
0
0
0
0
0.0260658
0
0
0
0
0
0
0
0
0
0
0
0
0
0
0
0
0
0
0
0
0
0
0
0
0
0
0
0
0
0
0
0
0
0
0
0
0
0
0
0
0
0.102997
0
0
0
0
0
0
0
0
0
0
0
0
0
0
0
0
0
0
0
0
0
0
0
0
0
0
0
0
0
0
0
0
0
0
0
0
0
0
0
0
0
0
0
0.361567
0.816177
0.954169
0.988317
0.991715
0.989054
0.97552
0.955968
0.93643
0.922557
0.909792
0.892645
0.875773
0.85113
0.806241
0.718996
0.61424
0.51063
0.434081
0.429692
0.443314
0.482656
0.880657
0.981161
0.991634
0.955299
0.661569
0
0
0
0
0
0.0742313
0
0
0
0
0.0371732
0
0
0
0
0.0823657
0
0
0
0
0
0
0
0
0
0
0.00130047
0
0
0
0
0
0.0635073
0
0
0
0
0
0
0
0
0
0
0
0
0
0
0
0
0
0
0
0
0
0
0
0
0
0.0255761
0
0
0
0
0
0
0
0
0
0
0
0
0
0
0
0
0
0
0
0
0
0
0
0
0
0
0
0
0
0
0
0
0
0
0
0
0
0
0
0
0
0
0
0
0
0
0
0.00210099
0.0122232
0
0
0
0
0
0
0
0
0
0.022454
0
0
0
0
0
0
0
0
0
0
0
0
0
0
0
0
0
0
0
0
0
0
0
0
0
0
0
0
0
0
0
0
0
0
0
0
0
0
0
0
0
0
0
0
0
0
0
0.23574
0.887615
0.978795
0.988421
0.98147
0.949654
0.883688
0.844048
0.863407
0.887918
0.903374
0.915504
0.923839
0.926351
0.915921
0.895847
0.869753
0.84148
0.819404
0.79384
0.729947
0.679577
0.695517
0.926008
0.983641
0.993757
0.967604
0.776124
0
0
0
0
0
0
0
0
0
0
0
0
0
0
0
0
0
0
0
0
0
0
0
0
0
0
0
0
0
0
0
0
0
0
0
0
0
0
0
0
0
0
0
0
0
0
0
0
0
0
0
0
0
0
0
0
0
0
0
0
0
0
0
0
0
0
0
0
0
0
0
0
0
0
0
0
0
0
0
0
0
0
0
0
0
0
0
0
0
0
0
0
0
0
0
0
0
0
0
0
0
0
0
0
0
0
0
0
0
0
0
0
0
0
0
0
0
0
0
0
0
0
0
0
0
0
0
0
0
0
0
0
0
0
0
0
0
0
0
0
0
0
0
0
0
0
0
0
0
0
0
0
0
0
0
0
0
0
0
0
0
0
0
0.159947
0.859185
0.973075
0.984267
0.96284
0.845675
0.320608
0.137793
0.24902
0.487429
0.61317
0.72357
0.805722
0.852833
0.881296
0.892085
0.893639
0.901758
0.91169
0.917404
0.912701
0.902175
0.885288
0.886634
0.88257
0.955807
0.985162
0.994892
0.979867
0.875856
0.158624
0
0
0
0
0
0
0
0
0
0
0
0.00433916
0
0
0
0
0.009934
0
0
0
0
0
0
0
0
0
0
0
0
0
0
0
0
0
0
0
0
0
0
0
0
0
0
0
0
0
0
0
0
0
0
0
0
0
0
0
0
0
0
0
0
0
0
0
0
0
0
0
0
0
0
0
0
0
0
0
0
0
0
0
0
0
0
0
0
0
0
0
0
0
0
0
0
0
0
0
0
0
0
0
0
0
0
0
0
0
0
0
0
0.0575155
0.042711
0
0
0
0
0
0
0
0
0
0
0
0
0
0
0
0
0
0
0
0
0
0
0
0
0
0
0
0
0
0
0
0
0
0
0
0
0
0
0
0
0
0
0
0
0
0
0
0
0
0.112001
0.882619
0.973254
0.982225
0.946049
0.629528
0
0
0
0
0
0
0.0885624
0.336533
0.481604
0.522107
0.552478
0.664284
0.781423
0.845509
0.875072
0.887547
0.892447
0.908921
0.908818
0.921754
0.932108
0.965429
0.982339
0.992271
0.990157
0.936799
0.288156
0
0
0.121518
0
0
0
0
0
0
0
0
0
0
0
0
0
0
0
0
0
0
0
0.0208121
0
0
0
0
0
0.036518
0
0
0
0
0
0
0
0
0
0
0
0
0
0
0
0
0
0
0
0
0
0
0
0
0
0
0
0
0
0
0
0
0
0
0
0
0
0
0
0
0
0
0
0
0
0
0
0
0
0
0
0
0
0
0
0
0
0
0
0
0
0
0
0
0
0
0
0
0
0
0
0
0
0
0
0
0
0
0
0
0
0
0
0
0
0
0
0
0
0
0
0
0
0
0
0
0
0
0
0
0
0
0
0
0
0
0
0
0
0
0
0
0
0
0
0
0
0
0
0
0
0
0
0
0
0
0
0
0
0.369458
0.911538
0.976524
0.980112
0.930898
0.462346
0
0
0
0
0
0
0
0
0
0
0
0
0.0533326
0.340764
0.499903
0.56825
0.601798
0.687155
0.761418
0.821875
0.853397
0.877764
0.900903
0.96011
0.977648
0.98551
0.994922
0.963325
0.620887
0
0
0
0.0377654
0
0
0
0
0
0
0
0
0
0
0
0
0
0
0
0
0
0
0
0.0522846
0
0
0
0
0
0
0
0
0
0
0
0
0
0
0
0
0
0.0237486
0
0
0
0
0
0
0
0
0
0
0
0
0
0
0
0
0
0
0
0
0
0
0
0
0
0
0
0
0.0322152
0
0
0
0
0
0
0
0.107367
0.10125
0
0
0
0
0
0
0
0
0
0
0
0
0
0
0
0
0
0
0
0
0
0
0
0
0
0
0
0
0
0
0
0
0
0
0
0
0
0
0
0
0
0
0
0
0
0
0
0
0
0
0
0
0
0
0
0
0
0
0
0
0
0
0
0
0
0
0
0
0
0
0
0
0
0
0
0
0.646619
0.937188
0.980205
0.977675
0.915683
0.291855
0
0
0
0
0
0
0
0
0
0
0
0
0
0
0
0
0
0
0.039997
0.234086
0.366191
0.457888
0.494798
0.64796
0.752834
0.897339
0.974067
0.980049
0.996841
0.978185
0.829959
0
0
0
0.168713
0
0
0
0
0
0
0
0
0
0
0
0
0
0
0
0
0
0
0
0
0
0
0
0
0
0
0.0465456
0
0
0
0
0
0.0462102
0.0102251
0
0
0
0
0
0
0
0
0
0
0
0
0
0
0
0
0
0
0
0
0
0
0
0
0
0
0
0
0
0
0
0
0
0
0
0
0
0
0
0
0
0
0
0
0
0
0
0
0.0623901
0.0200008
0
0
0
0
0
0
0
0
0.0727953
0.0140336
0
0
0
0
0
0
0
0
0
0
0
0
0
0
0
0
0
0
0
0
0
0
0
0
0
0
0
0
0
0
0
0
0
0
0
0
0
0
0
0
0
0
0
0
0
0
0
0
0
0
0
0
0
0
0
0.0710645
0.774024
0.958505
0.981905
0.972152
0.887683
0.123647
0
0
0
0
0
0
0
0
0
0
0
0
0
0
0
0
0
0
0
0
0
0
0
0
0.0803867
0.169531
0.420079
0.630859
0.962682
0.979996
0.9941
0.98793
0.917511
0.36833
0
0
0.00325022
0.13297
0
0
0
0
0
0
0
0
0
0
0
0
0
0
0
0
0
0
0
0
0
0
0
0
0
0
0
0
0
0
0
0
0
0
0
0
0
0
0
0
0
0
0
0
0
0
0.0392128
0
0
0
0
0
0
0
0
0
0
0
0
0
0
0
0
0
0
0
0
0.0940207
0
0
0
0
0
0
0
0
0
0.0118032
0.0352268
0
0
0
0
0
0
0
0
0
0
0
0
0
0
0
0
0
0
0
0
0
0
0
0
0
0
0
0
0
0
0
0
0
0
0
0
0
0
0
0
0
0
0
0
0
0
0
0
0
0
0
0
0
0
0
0
0
0
0
0
0
0
0
0
0
0
0
0.257467
0.796063
0.953442
0.981699
0.965997
0.830684
0.0428853
0
0
0
0
0
0
0
0
0
0
0
0
0
0
0
0
0
0
0
0
0
0
0
0
0
0
0
0
0
0
0.879578
0.979342
0.983399
0.996003
0.963744
0.757043
0
0
0
0.167646
0.18712
0
0
0
0.0951158
0.0400762
0
0
0
0
0.0691198
0
0
0
0
0
0.0180643
0
0
0
0
0
0
0
0
0
0
0
0
0
0
0
0
0
0
0
0
0
0
0
0
0.0245206
0
0
0
0
0
0
0
0
0
0
0
0
0
0
0
0
0
0
0
0
0.0313329
0
0
0
0
0
0
0
0
0
0
0
0
0
0
0
0
0
0
0
0
0
0
0
0
0
0
0
0
0
0
0
0
0
0
0
0
0
0
0
0
0
0
0
0
0
0
0
0
0
0
0
0
0
0
0
0
0
0
0
0
0
0
0
0
0
0
0
0
0
0
0
0
0
0
0
0
0
0
0
0
0
0.348665
0.894447
0.969781
0.981083
0.950958
0.679773
0
0
0
0
0
0
0
0
0
0
0
0
0
0
0
0
0
0
0
0
0
0
0
0
0
0
0
0
0
0
0
0
0
0.246445
0.964356
0.981001
0.995009
0.986994
0.914613
0.493486
0
0
0
0.158754
0
0
0
0
0.00762233
0
0
0
0
0
0
0
0
0
0
0
0
0
0
0
0
0
0
0
0
0
0
0
0.0248895
0
0
0
0
0
0
0
0
0
0
0
0
0
0
0
0
0
0
0.00351718
0
0
0
0
0
0
0
0
0
0
0
0
0
0
0
0
0
0
0
0
0
0
0.0151954
0
0
0
0
0
0
0
0
0.0425744
0
0
0
0
0
0
0
0
0
0
0
0
0
0
0
0
0
0
0
0
0
0
0
0
0
0
0
0
0
0
0
0
0
0
0
0
0
0
0
0
0
0
0
0
0
0
0
0
0
0
0
0
0
0
0
0
0
0
0
0
0
0.643257
0.934268
0.97661
0.977985
0.926303
0.488693
0
0
0
0
0
0
0
0
0
0
0
0
0
0
0
0
0
0
0
0
0
0
0
0
0
0
0
0
0
0
0
0
0
0
0
0
0.892521
0.97977
0.982564
0.996349
0.972452
0.822466
0
0
0
0
0.262306
0
0
0
0
0.0102241
0
0
0
0
0
0
0
0
0
0
0.0329947
0
0
0
0
0
0
0
0
0
0
0
0
0
0
0
0
0
0
0.0141151
0
0
0
0
0
0
0
0
0
0
0
0
0
0
0
0
0
0
0
0
0
0
0
0
0
0
0
0
0
0
0
0
0
0
0
0
0
0
0
0
0
0
0
0
0
0
0
0
0
0
0
0
0
0
0
0
0
0
0
0
0
0
0
0
0
0
0
0
0
0
0
0
0
0
0
0
0
0
0
0
0
0
0
0
0
0
0
0
0
0
0
0
0
0
0
0
0
0
0
0
0
0
0.100044
0.746978
0.938965
0.977116
0.9726
0.879942
0.257477
0
0
0
0
0
0
0
0
0
0
0
0
0
0
0
0
0
0
0
0
0
0
0
0
0
0
0
0
0
0
0
0
0
0
0
0
0
0
0.14477
0.959529
0.981666
0.991782
0.992325
0.947259
0.649472
0
0
0
0.0167037
0.234809
0
0
0
0
0.00114798
0
0
0
0
0
0
0
0
0
0
0
0
0
0
0
0
0
0
0
0
0
0
0
0.00806908
0
0
0
0
0
0
0
0
0
0
0
0
0
0
0
0
0
0
0
0.0437554
0.010345
0
0
0
0
0
0
0
0
0
0
0
0
0
0
0
0
0
0
0
0
0
0
0
0
0
0
0
0
0
0.0128299
0
0
0
0
0
0
0
0
0
0
0
0
0
0
0
0
0
0
0
0
0
0
0
0
0
0
0
0
0
0
0
0
0
0
0
0
0
0
0
0
0
0
0
0
0
0
0
0
0
0
0
0
0
0
0.548824
0.884596
0.964319
0.98117
0.956342
0.737725
0
0
0
0
0
0
0
0
0
0
0
0
0
0
0
0
0
0
0
0
0
0
0
0
0
0
0
0
0
0
0
0
0
0
0
0
0
0
0
0
0
0
0.817551
0.974231
0.979099
0.995532
0.98093
0.884309
0.353656
0
0
0
0.117737
0.0425636
0
0
0
0
0
0
0
0
0
0
0
0
0
0
0
0.0185409
0.0638905
0
0
0
0
0
0
0
0
0
0
0
0
0
0
0
0
0
0
0
0
0
0
0
0
0
0
0.012021
0
0
0
0
0
0
0
0
0
0
0
0
0.0625598
0
0
0
0
0
0
0
0.0694089
0
0
0
0
0
0
0
0
0
0
0
0
0
0
0
0
0
0
0
0
0
0
0
0
0
0
0
0
0
0
0
0
0
0
0
0
0
0
0
0
0
0
0
0
0
0
0
0
0
0
0
0
0
0
0
0
0
0
0
0
0
0
0
0
0
0
0.644954
0.92696
0.971788
0.978747
0.935722
0.570145
0
0
0
0
0
0
0
0
0
0
0
0
0
0
0
0
0
0
0
0
0
0
0
0
0
0
0
0
0
0
0
0
0
0
0
0
0
0
0
0
0
0
0
0
0.068325
0.946589
0.982597
0.986756
0.994475
0.962956
0.772698
0
0
0
0
0.182712
0.064025
0
0
0
0.00399538
0
0
0
0
0
0
0
0
0
0
0
0
0
0
0
0
0
0
0
0
0
0
0
0
0
0
0
0
0
0
0
0
0
0
0
0
0
0
0
0
0
0
0
0
0
0.0879377
0.0123652
0
0
0
0
0
0
0
0
0
0
0
0
0
0
0
0
0
0
0
0
0
0
0
0
0
0
0
0
0
0
0
0
0
0
0
0
0
0
0
0
0
0
0
0
0
0
0
0
0
0
0
0
0
0
0
0
0
0
0
0
0
0
0
0
0
0
0
0
0
0
0
0
0
0
0
0
0.316745
0.818005
0.95234
0.97828
0.969326
0.874219
0.21988
0
0
0
0
0
0
0
0
0
0
0
0
0
0
0
0
0
0
0
0
0
0
0
0
0
0
0
0
0
0
0
0
0
0
0
0
0
0
0
0
0
0
0
0
0
0
0
0.664177
0.96749
0.979997
0.994192
0.988312
0.925048
0.590793
0
0
0
0.0660191
0.161738
0
0
0
0
0
0
0
0
0
0
0
0
0
0
0
0
0
0
0
0
0
0
0
0
0
0
0
0
0
0
0
0
0
0
0
0
0
0
0
0
0
0
0
0
0.00549984
0
0
0
0
0
0
0
0
0
0
0
0
0
0
0
0
0
0
0
0
0.00577754
0
0
0
0
0
0
0
0
0
0
0
0
0
0
0
0
0
0
0
0
0
0
0
0
0
0
0
0
0
0
0
0
0
0
0
0
0
0
0
0
0
0
0
0
0
0
0
0
0
0
0
0
0
0
0
0
0
0
0
0.528476
0.900591
0.962478
0.979412
0.953713
0.721615
0
0
0
0
0
0
0
0
0
0
0
0
0
0
0
0
0
0
0
0
0
0
0
0
0
0
0
0
0
0
0
0
0
0
0
0
0
0
0
0
0
0
0
0
0
0
0
0
0
0
0
0.900434
0.979304
0.982118
0.995099
0.978068
0.868902
0.341831
0
0
0
0.0884281
0.157794
0
0
0
0
0
0
0
0
0
0
0
0
0
0
0
0
0
0
0
0
0
0
0
0.00669634
0
0
0
0
0
0
0
0
0
0
0
0
0
0
0
0
0
0
0
0.0346617
0
0
0
0
0
0
0
0
0
0
0
0
0
0
0
0
0
0
0
0
0
0
0
0
0
0
0
0
0
0
0
0
0
0
0
0
0
0
0
0
0
0
0
0
0
0
0
0
0
0
0
0
0
0
0
0
0
0
0
0
0
0
0
0
0
0
0
0
0
0
0
0
0
0
0
0
0
0.339616
0.778957
0.93838
0.971512
0.976071
0.925957
0.440562
0
0
0
0
0
0
0
0
0
0
0
0
0
0
0
0
0
0
0
0
0
0
0
0
0
0
0
0
0
0
0
0
0
0
0
0
0
0
0
0
0
0
0
0
0
0
0
0
0
0
0
0
0
0.470582
0.956059
0.982193
0.987931
0.993652
0.963793
0.785213
0
0
0
0
0.142494
0.0255249
0
0
0
0
0
0
0
0
0
0
0
0
0
0
0
0
0
0
0
0
0
0
0
0
0
0
0
0
0
0
0
0
0
0
0
0
0
0
0
0
0
0
0
0
0
0
0
0
0
0
0
0
0
0
0
0
0
0
0
0
0
0
0
0
0
0
0
0
0
0
0
0
0
0
0
0
0
0
0
0
0
0
0
0
0
0
0
0
0
0
0
0
0
0
0
0
0
0
0
0
0
0
0
0
0
0
0
0
0
0
0
0
0
0
0
0
0
0.0905234
0.546652
0.880599
0.952058
0.975828
0.965345
0.83338
0.0806935
0
0
0
0
0
0
0
0
0
0
0
0
0
0
0
0
0
0
0
0
0
0
0
0
0
0
0
0
0
0
0
0
0
0
0
0
0
0
0
0
0
0
0
0
0
0
0
0
0
0
0
0
0
0
0
0
0.721778
0.966712
0.97923
0.993238
0.986375
0.926173
0.613547
0
0
0
0
0.283018
0
0
0
0
0
0
0.0876023
0
0
0
0
0
0
0
0
0
0
0
0
0
0
0
0
0
0
0
0
0
0
0
0
0
0
0
0
0
0
0
0
0
0
0
0
0
0
0
0
0
0
0
0
0
0
0
0
0
0
0
0
0
0
0
0
0
0
0
0
0
0
0
0
0
0
0
0
0
0
0
0
0
0
0
0
0
0
0
0
0
0
0
0
0
0
0
0
0
0
0
0
0
0
0
0
0
0
0
0
0
0
0
0
0
0
0
0
0.244623
0.719577
0.921742
0.961921
0.972164
0.943416
0.635608
0
0
0
0
0
0
0
0
0
0
0
0
0
0
0
0
0
0
0
0
0
0
0
0
0
0
0
0
0
0
0
0
0
0
0
0
0
0
0
0
0
0
0
0
0
0
0
0
0
0
0
0
0
0
0
0
0
0
0
0.220708
0.911639
0.979784
0.983776
0.994516
0.976158
0.886924
0.470901
0
0
0
0
0.308016
0.0287436
0
0
0
0
0
0
0
0
0
0
0
0
0
0
0
0
0
0
0
0
0
0
0
0
0
0
0
0
0
0
0
0
0
0
0
0
0
0
0
0
0
0
0
0
0
0
0
0
0
0
0
0
0
0
0
0
0
0
0
0
0
0
0
0
0
0
0
0
0
0
0
0
0
0
0
0
0
0
0
0
0
0
0
0
0
0
0
0
0
0
0
0
0
0
0
0
0
0
0
0
0
0
0
0
0
0
0
0
0
0
0
0.50486
0.867659
0.946913
0.971152
0.966085
0.872206
0.313679
0
0
0
0
0
0
0
0
0
0
0
0
0
0
0
0
0
0
0
0
0
0
0
0
0
0
0
0
0
0
0
0
0
0
0
0
0
0
0
0
0
0
0
0
0
0
0
0
0
0
0
0
0
0
0
0
0
0
0
0
0
0
0.491828
0.948499
0.983499
0.987716
0.993371
0.965983
0.842139
0.285547
0
0
0
0
0.236738
0
0
0
0
0
0
0
0
0
0
0
0
0
0
0
0
0
0
0
0
0
0
0
0
0
0.00694464
0
0
0
0
0
0
0
0
0
0
0
0
0
0
0
0
0
0
0
0
0.00343305
0
0
0
0
0
0
0
0
0
0
0
0
0
0
0
0
0
0
0
0
0
0
0
0
0
0
0
0
0
0
0
0
0
0
0
0
0
0
0
0
0
0
0
0
0
0
0
0
0
0
0
0
0
0
0
0
0
0
0
0
0
0.292492
0.759269
0.93343
0.965175
0.970569
0.939862
0.645536
0
0
0
0
0
0
0
0
0
0
0
0
0
0
0
0
0
0
0
0
0
0
0
0
0
0
0
0
0
0
0
0
0
0
0
0
0
0
0
0
0
0
0
0
0
0
0
0
0
0
0
0
0
0
0
0
0
0
0
0
0
0
0
0
0
0.0720308
0.74016
0.965856
0.982659
0.991199
0.990257
0.951601
0.794066
0.00563811
0
0
0
0
0.176028
0
0
0
0
0
0
0
0
0
0
0
0
0
0
0
0
0
0
0.0988356
0
0
0
0
0
0
0
0
0
0
0
0
0
0.0218409
0
0
0
0
0
0
0
0
0
0
0
0
0
0
0
0
0
0
0
0
0
0
0
0
0
0
0
0
0
0
0
0
0
0
0
0
0
0
0
0
0
0
0
0
0
0
0
0
0
0
0
0
0
0
0
0
0
0
0
0
0
0
0
0
0
0
0
0
0
0
0
0.0678255
0.616707
0.88627
0.95398
0.972004
0.964805
0.873491
0.352365
0
0
0
0
0
0
0
0
0
0
0
0
0
0
0
0
0
0
0
0
0
0
0
0
0
0
0
0
0
0
0
0
0
0
0
0
0
0
0
0
0
0
0
0
0
0
0
0
0
0
0
0
0
0
0
0
0
0
0
0
0
0
0
0
0
0
0
0
0.2762
0.864356
0.970339
0.978793
0.991929
0.98554
0.931888
0.710736
0
0
0
0
0
0.190319
0
0
0
0
0
0.0705965
0
0
0
0
0
0
0
0
0
0
0
0
0
0
0
0
0
0
0
0
0
0
0
0
0
0
0
0
0
0
0
0
0
0
0
0
0
0
0
0
0
0
0
0
0
0
0
0
0
0
0
0
0
0
0
0
0
0
0
0
0
0
0
0
0
0
0
0
0
0
0
0
0
0
0
0
0
0
0
0
0
0
0
0
0
0
0
0
0
0
0
0
0
0
0
0.4449
0.780829
0.940086
0.967371
0.969349
0.938604
0.667211
0
0
0
0
0
0
0
0
0
0
0
0
0
0
0
0
0
0
0
0
0
0
0
0
0
0
0
0
0
0
0
0
0
0
0
0
0
0
0
0
0
0
0
0
0
0
0
0
0
0
0
0
0
0
0
0
0
0
0
0
0
0
0
0
0
0
0
0
0
0
0
0
0.48202
0.924315
0.977152
0.982407
0.992767
0.980592
0.907802
0.615339
0
0
0
0
0.0191416
0.162437
0
0
0
0
0
0
0
0
0
0
0
0
0
0
0
0
0
0
0
0
0
0
0
0
0
0
0
0
0
0
0
0
0
0
0
0
0
0
0
0
0
0
0
0
0
0
0
0
0
0
0
0
0
0
0
0
0
0
0
0
0
0
0
0
0
0
0
0
0
0
0
0
0
0
0
0
0
0
0
0
0
0
0
0
0
0
0
0
0
0
0
0
0
0
0
0
0
0
0.532808
0.875514
0.95372
0.97009
0.961711
0.857164
0.389237
0
0
0
0
0
0
0
0
0
0
0
0
0
0
0
0
0
0
0
0
0
0
0
0
0
0
0
0
0
0
0
0
0
0
0
0
0
0
0
0
0
0
0
0
0
0
0
0
0
0
0
0
0
0
0
0
0
0
0
0
0
0
0
0
0
0
0
0
0
0
0
0
0
0
0
0.586475
0.942907
0.979926
0.985808
0.99277
0.973389
0.881393
0.495679
0
0
0
0
0.00104868
0.108373
0
0
0
0
0
0
0
0
0
0
0
0
0
0
0
0
0
0
0
0
0
0
0
0
0
0
0
0
0
0
0
0
0
0
0
0
0
0
0
0
0
0
0
0
0
0
0
0
0
0
0
0
0
0
0
0
0
0
0
0
0
0
0
0
0
0
0
0
0
0
0
0
0
0
0
0
0
0
0
0
0
0
0
0
0
0
0
0
0
0
0
0
0
0
0.371882
0.749129
0.933446
0.962166
0.96395
0.931564
0.649504
0
0
0
0
0
0
0
0
0
0
0
0
0
0
0
0
0
0
0
0
0
0
0
0
0
0
0
0
0
0
0
0
0
0
0
0
0
0
0
0
0
0
0
0
0
0
0
0
0
0
0
0
0
0
0
0
0
0
0
0
0
0
0
0
0
0
0
0
0
0
0
0
0
0
0
0
0
0
0.20492
0.763372
0.961338
0.980803
0.988924
0.990704
0.960855
0.837164
0.330096
0
0
0
0
0
0.0355428
0
0
0
0
0
0
0
0
0
0
0
0
0
0
0
0
0
0
0.0291262
0
0
0
0
0
0
0
0
0
0
0
0
0
0
0
0
0
0
0
0
0
0
0
0
0
0
0
0
0
0
0
0
0
0
0
0
0
0
0
0
0
0
0
0
0
0
0
0
0
0
0
0
0
0
0
0
0
0
0
0
0
0
0
0
0
0
0
0
0
0
0
0.100242
0.661934
0.902852
0.95697
0.969569
0.960114
0.855325
0.385874
0
0
0
0
0
0
0
0
0
0
0
0
0
0
0
0
0
0
0
0
0
0
0
0
0
0
0
0
0
0
0
0
0
0
0
0
0
0
0
0
0
0
0
0
0
0
0
0
0
0
0
0
0
0
0
0
0
0
0
0
0
0
0
0
0
0
0
0
0
0
0
0
0
0
0
0
0
0
0
0
0
0.35543
0.839899
0.966959
0.979003
0.989572
0.986886
0.945995
0.77648
0.130111
0
0
0
0
0.0649175
0
0
0
0
0
0.0106128
0
0
0
0
0
0
0
0
0
0
0
0
0
0
0
0
0
0
0
0
0.0264562
0
0
0
0
0
0
0
0
0
0
0
0
0
0
0
0
0
0
0
0
0
0
0
0
0
0
0
0
0
0
0
0
0
0
0
0
0
0
0
0
0
0
0
0
0
0
0
0
0
0
0.122363
0.356762
0
0
0
0
0
0
0
0
0
0.409049
0.777809
0.945959
0.969675
0.970088
0.931331
0.660289
0.119075
0
0
0
0
0
0
0
0
0
0
0
0
0
0
0
0
0
0
0
0
0
0
0
0
0
0
0
0
0
0
0
0
0
0
0
0
0
0
0
0
0
0
0
0
0
0
0
0
0
0
0
0
0
0
0
0
0
0
0
0
0
0
0
0
0
0
0
0
0
0
0
0
0
0
0
0
0
0
0
0
0
0
0
0
0.507899
0.903533
0.973193
0.98114
0.991022
0.984009
0.937451
0.73775
0.0792518
0
0
0
0
0.138889
0
0
0
0
0
0
0.012309
0
0
0
0
0
0
0
0
0
0
0
0
0.053935
0
0
0
0
0
0
0.0382283
0
0
0
0
0
0
0
0
0
0
0
0
0
0
0
0
0
0
0
0
0
0
0
0
0
0
0
0
0
0
0
0
0
0
0
0
0
0
0
0
0
0
0
0
0
0
0
0.0274051
0.488435
0.769281
0
0
0
0
0
0
0
0
0.508933
0.892537
0.960678
0.971016
0.961622
0.858365
0.432364
0
0
0
0
0
0
0
0
0
0
0
0
0
0
0
0
0
0
0
0
0
0
0
0
0
0
0
0
0
0
0
0
0
0
0
0
0
0
0
0
0
0
0
0
0
0
0
0
0
0
0
0
0
0
0
0
0
0
0
0
0
0
0
0
0
0
0
0
0
0
0
0
0
0
0
0
0
0
0
0
0
0
0
0
0
0
0
0
0.601551
0.923541
0.97576
0.983534
0.991734
0.978399
0.920222
0.680796
0
0
0
0
0
0.0811477
0
0
0
0
0
0
0
0
0
0
0
0
0
0
0
0
0
0
0
0
0
0
0
0
0
0
0
0
0
0
0
0
0
0
0
0
0
0
0
0
0
0
0
0
0
0
0
0
0
0
0
0
0
0
0
0
0
0
0
0
0
0
0
0
0
0
0
0
0
0.0390388
0.152631
0.445603
0.656659
0.84511
0.924546
0
0
0
0
0
0
0.235396
0.74363
0.941177
0.964637
0.971751
0.928945
0.640841
0.289052
0
0
0
0
0
0
0
0
0
0
0
0
0
0
0
0
0
0
0
0
0
0
0
0
0
0
0
0
0
0
0
0
0
0
0
0
0
0
0
0
0
0
0
0
0
0
0
0
0
0
0
0
0
0
0
0
0
0
0
0
0
0
0
0
0
0
0
0
0
0
0
0
0
0
0
0
0
0
0
0
0
0
0
0
0
0
0
0
0
0
0.0619731
0.680798
0.944402
0.97748
0.984804
0.991708
0.970121
0.89385
0.606043
0
0
0
0
0
0
0
0
0
0
0
0.00583374
0.0140619
0
0
0
0
0
0
0
0
0
0
0
0
0
0
0
0
0
0
0
0
0
0
0
0
0
0
0
0
0
0
0
0
0
0
0
0
0
0
0
0
0
0
0
0
0
0
0
0
0
0
0
0
0
0
0
0
0
0
0
0
0.327569
0.641242
0.834472
0.921685
0.946619
0.957932
0
0
0
0
0
0.518121
0.890923
0.957916
0.972778
0.96348
0.861615
0.467976
0
0
0
0
0
0
0
0
0
0
0
0
0
0
0
0
0
0
0
0
0
0
0
0
0
0
0
0
0
0
0
0
0
0
0
0
0
0
0
0
0
0
0
0
0
0
0
0
0
0
0
0
0
0
0
0
0
0
0
0
0
0
0
0
0
0
0
0
0
0
0
0
0
0
0
0
0
0
0
0
0
0
0
0
0
0
0
0
0
0
0
0
0
0
0.340259
0.776251
0.956868
0.978011
0.985405
0.989905
0.963609
0.856975
0.455716
0
0
0
0
0.03113
0.0151026
0
0
0
0
0
0
0
0
0
0
0
0
0
0
0
0
0
0
0
0
0
0
0
0
0
0
0
0
0
0
0
0
0
0
0
0
0
0
0
0
0
0
0
0
0
0
0
0
0
0
0
0
0
0
0
0
0
0
0
0
0
0
0.188012
0.4461
0.635363
0.807168
0.917216
0.956375
0.966849
0.965716
0.932746
0
0
0
0.0160112
0.707369
0.944097
0.970909
0.977782
0.941869
0.70912
0.378968
0
0
0
0
0
0
0
0
0
0
0
0
0
0
0
0
0
0
0
0
0
0
0
0
0
0
0
0
0
0
0
0
0
0
0
0
0
0
0
0
0
0
0
0
0
0
0
0
0
0
0
0
0
0
0
0
0
0
0
0
0
0
0
0
0
0
0
0
0
0
0
0
0
0
0
0
0
0
0
0
0
0
0
0
0
0
0
0
0
0
0
0
0
0
0
0
0
0.427407
0.835062
0.963365
0.979098
0.988022
0.98746
0.953976
0.832554
0.359057
0
0
0
0
0.0760612
0.0376353
0
0
0
0
0
0.0063491
0
0
0
0
0
0
0.00425292
0
0
0
0
0
0
0
0
0
0
0
0
0
0
0
0
0
0
0
0
0
0
0
0
0
0
0
0
0
0
0
0
0
0
0
0
0
0
0
0
0
0
0.0287703
0.0404673
0.0142039
0.0502881
0.354786
0.641983
0.82549
0.919722
0.956937
0.967285
0.972613
0.963667
0.901276
0.624173
0
0
0
0.793011
0.966107
0.984858
0.970927
0.877356
0.464733
0
0
0
0
0
0
0
0
0
0
0
0
0
0
0
0
0
0
0
0
0
0
0
0
0
0
0
0
0
0
0
0
0
0
0
0
0
0
0
0
0
0
0
0
0
0
0
0
0
0
0
0
0
0
0
0
0
0
0
0
0
0
0
0
0
0
0
0
0
0
0
0
0
0
0
0
0
0
0
0
0
0
0
0
0
0
0
0
0
0
0
0
0
0
0
0
0
0
0
0
0
0.497882
0.876524
0.966973
0.979921
0.989838
0.983216
0.939022
0.767762
0.195734
0
0
0
0
0
0
0
0
0
0
0
0
0
0
0
0
0
0
0
0
0
0
0
0
0
0
0
0
0
0
0
0
0
0
0
0
0
0
0
0
0
0
0
0
0
0
0
0
0
0
0
0
0
0
0
0
0
0
0
0
0.174263
0.464732
0.644707
0.805697
0.915259
0.957152
0.966876
0.972511
0.967702
0.923868
0.727967
0.272715
0
0
0
0.89191
0.966822
0.982517
0.962881
0.793068
0.239255
0
0
0
0
0
0
0
0
0
0
0
0
0
0
0
0
0
0
0
0
0
0
0
0
0
0
0
0
0
0
0
0
0
0
0
0
0
0
0
0
0
0
0
0
0
0
0
0
0
0
0
0
0
0
0
0
0
0
0
0
0
0
0
0
0
0
0
0
0
0
0
0
0
0
0
0
0
0
0
0
0
0
0
0
0
0
0
0
0
0
0
0
0
0
0
0
0
0
0
0
0
0
0
0
0.572089
0.920125
0.970861
0.98097
0.991127
0.975909
0.921068
0.696892
0
0
0
0
0
0.085956
0
0
0
0
0
0
0
0
0
0
0
0
0
0
0
0
0
0
0
0
0
0
0
0
0
0
0
0
0
0
0
0
0
0
0
0
0
0
0
0
0
0.0577077
0
0
0
0
0
0
0
0
0
0
0.295758
0.618194
0.812733
0.911015
0.952248
0.963559
0.971158
0.968033
0.927526
0.756016
0.274803
0
0
0
0.414393
0.959567
0.983737
0.984669
0.941434
0.371799
0
0
0
0
0
0
0
0
0
0
0
0
0
0
0
0
0
0
0
0
0
0
0
0
0
0
0
0
0
0
0
0
0
0
0
0
0
0
0
0
0
0
0
0
0
0
0
0
0
0
0
0
0
0
0
0
0
0
0
0
0
0
0
0
0
0
0
0
0
0
0
0
0
0
0
0
0
0
0
0
0
0
0
0
0
0
0
0
0
0
0
0
0
0
0
0
0
0
0
0
0
0
0
0
0
0
0
0.205272
0.654275
0.938099
0.974909
0.982308
0.990142
0.971847
0.887785
0.517938
0
0
0
0
0
0.0329014
0
0
0
0
0
0
0.0127023
0
0
0
0
0
0
0
0
0
0
0
0
0
0
0
0
0
0
0
0
0
0
0
0
0
0
0
0
0
0
0
0
0
0.0743504
0
0
0
0
0
0
0.193206
0.522971
0.688145
0.82434
0.912594
0.951513
0.962247
0.969161
0.967258
0.929722
0.76073
0.259291
0
0
0
0
0
0.944339
0.994262
0.976191
0.776814
0.0687444
0
0
0
0
0
0
0
0
0
0
0
0
0
0
0
0
0
0
0
0
0
0
0
0
0
0
0
0
0
0
0
0
0
0
0
0
0
0
0
0
0
0
0
0
0
0
0
0
0
0
0
0
0
0
0
0
0
0
0
0
0
0
0
0
0
0
0
0
0
0
0
0
0
0
0
0
0
0
0
0
0
0
0
0
0
0
0
0
0
0
0
0
0
0
0
0
0
0
0
0
0
0
0
0
0
0
0
0
0
0
0.407405
0.780318
0.946232
0.969911
0.98305
0.987797
0.963479
0.843676
0.258365
0
0
0
0
0
0
0
0
0
0
0
0
0
0
0
0
0
0
0
0
0
0
0
0
0
0
0
0
0
0
0
0
0
0
0
0
0
0
0
0
0
0
0
0
0
0
0
0
0.0359167
0.104259
0.366492
0.666252
0.846596
0.924837
0.955039
0.96366
0.967215
0.96438
0.930165
0.770968
0.253179
0
0
0
0
0
0
0
0.999365
0.981602
0.477857
0
0
0
0
0
0
0
0
0
0
0
0
0
0
0
0
0
0
0
0
0
0
0
0
0
0
0
0
0
0
0
0
0
0
0
0
0
0
0
0
0
0
0
0
0
0
0
0
0
0
0
0
0
0
0
0
0
0
0
0
0
0
0
0
0
0
0
0
0
0
0
0
0
0
0
0
0
0
0
0
0
0
0
0
0
0
0
0
0
0
0
0
0
0
0
0
0
0
0
0
0
0
0
0
0
0
0
0
0
0
0
0
0
0
0.437305
0.785331
0.918926
0.95297
0.979228
0.983539
0.947529
0.667837
0
0
0
0
0
0
0
0
0
0
0
0
0
0
0
0
0
0
0
0
0
0
0
0
0
0
0
0
0
0
0
0
0
0
0
0
0
0
0
0
0
0
0
0
0
0
0.0708857
0.356883
0.659952
0.843109
0.92665
0.955872
0.963616
0.966415
0.961032
0.925394
0.754208
0.268707
0
0
0
0
0
0
0
0.101281
0
0.953675
0.733348
0
0
0
0
0
0
0
0
0
0
0
0
0
0
0
0
0
0
0
0
0
0
0
0
0
0
0
0
0
0
0
0
0
0
0
0
0
0
0
0
0
0
0
0
0
0
0
0
0
0
0
0
0
0
0
0
0
0
0
0
0
0
0
0
0
0
0
0
0
0
0
0
0
0
0
0
0
0
0
0
0
0
0
0
0
0
0
0
0
0
0
0
0
0
0
0
0
0
0
0
0
0
0
0
0
0
0
0
0
0
0
0
0
0
0
0
0.0591835
0.484186
0.779473
0.881919
0.933633
0.968759
0.969151
0.889181
0.429915
0
0
0
0
0
0
0
0
0
0
0
0
0
0
0
0
0
0
0
0
0
0
0
0
0
0
0
0
0
0
0
0
0
0
0
0
0
0
0
0
0
0
0
0.129327
0.470642
0.813215
0.930224
0.959643
0.96702
0.968633
0.955788
0.910126
0.705172
0.233316
0
0
0
0
0
0
0.0761545
0.21921
0.199595
0.143569
0.0149903
0.877842
0.433139
0
0
0
0
0
0
0.00766687
0
0
0
0
0
0
0
0
0
0
0
0
0
0
0
0
0
0
0
0
0
0
0
0
0
0
0
0
0
0
0
0
0
0
0
0
0
0
0
0
0
0
0
0
0
0
0
0
0
0
0
0
0
0
0
0
0
0
0
0
0
0
0
0
0
0
0
0
0
0
0
0
0
0
0
0
0
0
0
0
0
0
0
0
0
0
0
0
0
0
0
0
0
0
0
0
0
0
0
0
0
0
0
0
0
0
0
0
0
0
0
0.192291
0.563077
0.778454
0.884765
0.94208
0.956877
0.919953
0.644659
0
0
0
0
0
0
0
0
0
0
0
0
0
0
0
0
0
0
0
0
0
0
0
0
0
0
0
0
0
0
0
0
0
0
0
0
0
0
0
0
0.167459
0.438377
0.743483
0.909397
0.958457
0.971692
0.972494
0.956672
0.903067
0.669512
0.157183
0
0
0
0
0
0
0.158758
0.348275
0.290646
0.191015
0.0944689
0
0
0.986713
0.69874
0
0
0
0
0
0
0
0
0
0
0
0
0
0
0
0
0
0
0
0
0
0
0
0
0
0
0
0
0
0
0
0
0
0
0
0
0
0
0
0
0
0
0
0
0
0
0
0
0
0
0
0
0
0
0
0
0
0
0
0
0
0
0
0
0
0
0
0
0
0
0
0
0
0
0
0
0
0
0
0
0
0
0
0
0
0
0
0
0
0
0
0
0
0
0
0
0
0
0
0
0
0
0
0
0
0
0
0
0
0
0
0
0
0
0
0
0
0
0
0.0286603
0.343423
0.683639
0.81812
0.889385
0.932657
0.933591
0.876462
0.439203
0
0
0
0
0
0
0
0
0
0
0
0
0
0
0
0
0
0
0
0
0
0
0
0
0
0
0
0
0
0
0
0
0
0
0
0
0
0.240156
0.634514
0.885546
0.954655
0.974211
0.97846
0.965784
0.914983
0.672518
0.243947
0
0
0
0
0
0
0.219245
0.341245
0.350261
0.210469
0.0831499
0
0
0
0
0.973917
0.856272
0
0
0
0
0
0
0
0
0
0
0
0
0
0
0
0
0
0
0
0
0
0
0
0
0
0
0
0
0
0
0
0
0
0
0
0
0
0
0
0
0
0
0
0
0
0
0
0
0
0
0
0
0
0
0
0
0
0
0
0
0
0
0
0
0
0
0
0
0
0
0
0
0
0
0
0
0
0
0
0
0
0
0
0
0
0
0
0
0
0
0
0
0
0
0
0
0
0
0
0
0
0
0
0
0
0
0
0
0
0
0
0
0
0
0
0
0
0
0
0
0
0.224448
0.574721
0.794874
0.879154
0.930516
0.925077
0.847088
0.680596
0.158219
0
0
0
0
0
0
0
0
0
0
0
0
0
0
0
0
0
0
0
0
0
0
0
0
0
0
0
0
0
0
0
0
0
0.169801
0.479114
0.811287
0.940833
0.973467
0.982576
0.976359
0.939998
0.753201
0.432951
0
0
0
0
0.0418534
0.149677
0.181594
0.214839
0.257944
0.098413
0
0
0
0
0
0
0
0.960622
0.859523
0
0
0.000883983
0
0.00240534
0
0
0
0
0
0
0
0
0
0
0
0
0
0
0
0
0
0
0
0
0
0
0
0
0
0
0
0
0
0
0
0
0
0
0
0
0
0
0
0
0
0
0
0
0
0
0
0
0
0
0
0
0
0
0
0
0
0
0
0
0
0
0
0
0
0
0
0
0
0
0
0
0
0
0
0
0
0
0
0
0
0
0
0
0
0
0
0
0
0
0
0
0
0
0
0
0
0
0
0
0
0
0
0
0
0
0
0
0
0
0
0
0
0
0
0
0
0.144534
0.439001
0.74459
0.81275
0.867029
0.947075
0.942369
0.816455
0.472774
0.076028
0
0
0
0
0
0
0
0
0
0
0
0
0
0
0
0
0.0199032
0
0
0
0
0
0
0
0
0
0
0
0.0859861
0.216885
0.56173
0.793481
0.925966
0.970647
0.981417
0.981928
0.956482
0.838368
0.487323
0.0329035
0
0.00512137
0
0.106221
0.179754
0.161841
0.146901
0.115935
0
0
0
0
0
0
0
0
0
0
0.989562
0.98159
0
0
0
0
0
0
0
0
0
0
0
0
0
0
0
0
0
0
0
0
0
0
0
0
0
0
0
0
0
0
0
0
0
0
0
0
0
0
0
0
0
0
0
0
0
0
0
0
0
0
0
0
0
0
0
0
0
0
0
0
0
0
0
0
0
0
0
0
0
0
0
0
0
0
0
0
0
0
0
0
0
0
0
0
0
0
0
0
0
0
0
0
0
0
0
0
0
0
0
0
0
0
0
0
0
0
0
0
0
0
0
0
0
0
0
0
0
0
0
0
0
0
0
0
0.271427
0.612942
0.895866
0.915504
0.918819
0.938375
0.904443
0.728213
0.322087
0.0536009
0
0
0
0
0
0
0
0
0
0
0
0
0
0
0
0
0
0
0
0
0
0
0
0
0.111802
0.350821
0.638924
0.819477
0.920412
0.965438
0.974571
0.983332
0.973919
0.909307
0.642168
0.00690677
0
0
0
0
0.117359
0.123643
0.00304599
0
0
0
0
0
0
0
0
0
0
0
0
0
0.999209
0.994744
0
0
0
0.0335756
0
0
0
0.0450999
0
0
0
0
0
0
0
0
0
0
0
0
0
0
0
0
0
0
0
0
0
0
0
0
0
0
0
0
0
0
0
0
0
0
0
0
0
0
0
0
0
0
0
0
0
0
0
0
0
0
0
0
0
0
0
0
0
0
0
0
0
0
0
0
0
0
0
0
0
0
0
0
0
0
0
0
0
0
0
0
0
0
0
0
0
0
0
0
0
0
0
0
0
0
0
0
0
0
0
0
0
0
0
0
0
0
0
0
0
0
0
0
0
0
0
0
0
0.098404
0.303528
0.6633
0.82737
0.900925
0.955157
0.951988
0.833288
0.373909
0
0
0
0
0
0
0
0
0
0
0
0
0
0
0
0
0
0
0
0
0
0
0
0.230593
0.630571
0.842523
0.930701
0.965586
0.970207
0.977847
0.982266
0.946879
0.796467
0.232896
0
0
0
0
0
0
0
0
0
0
0
0
0
0
0.0102184
0.041679
0.11222
0.0114265
0
0
0
0
0.999335
0.995093
0
0
0
0
0.0651211
0
0
0
0
0
0
0
0
0
0
0
0
0
0
0
0
0
0
0
0
0
0
0
0
0
0
0
0
0
0
0
0
0
0
0
0
0
0
0
0
0
0
0
0
0
0
0
0
0
0
0
0
0
0
0
0
0
0
0
0
0
0
0
0
0
0
0
0
0
0
0
0
0
0
0
0
0
0
0
0
0
0
0
0
0
0
0
0
0
0
0
0
0
0
0
0
0
0
0
0
0
0
0
0
0
0
0
0
0
0
0
0
0
0
0
0
0
0
0
0
0
0
0.224177
0.589272
0.890491
0.932489
0.963312
0.979549
0.942077
0.57233
0.0849114
0
0
0
0
0
0
0
0
0
0
0
0
0
0
0
0
0
0
0.161049
0.236736
0.473992
0.742414
0.898893
0.958333
0.979624
0.982876
0.977397
0.940516
0.804946
0.205428
0
0
0
0
0
0
0
0
0
0
0
0
0
0.0199297
0.0785591
0.0258633
0
0
0
0
0
0
0
0
0.996217
0.997053
0
0
0
0
0
0
0
0
0
0
0
0
0
0
0
0
0
0
0
0
0
0
0
0
0
0
0
0
0
0
0
0
0
0
0
0
0
0
0
0
0
0
0
0
0
0
0
0
0
0
0
0
0
0
0
0
0
0
0
0
0
0
0
0
0
0
0
0
0
0
0
0
0
0
0
0
0
0
0
0
0
0
0
0
0
0
0
0
0
0
0
0
0
0
0
0
0
0
0
0
0
0
0
0
0
0
0
0
0
0
0
0
0
0
0
0
0
0
0
0
0
0
0
0
0
0
0
0
0.0250517
0.358306
0.792257
0.952234
0.976372
0.987496
0.965629
0.853679
0.301308
0
0
0
0
0
0
0
0
0
0
0
0
0
0
0
0
0.113867
0.500168
0.765402
0.890946
0.933258
0.942317
0.941316
0.914178
0.849073
0.673503
0.190278
0
0
0
0
0
0
0
0
0
0
0
0
0.137802
0
0
0
0
0
0
0
0
0
0
0
0
0
0.998962
0.997874
0
0
0.0386832
0
0
0
0
0
0
0
0
0
0
0
0
0
0
0
0
0
0
0
0
0
0
0
0
0
0
0
0
0
0
0
0
0
0
0
0
0
0
0
0
0
0
0
0
0
0
0
0
0
0
0
0
0
0
0
0
0
0
0
0
0
0
0
0
0
0
0
0
0
0
0
0
0
0
0
0
0
0
0
0
0
0
0
0
0
0
0
0
0
0
0
0
0
0
0
0
0
0
0
0
0
0
0
0
0
0
0
0
0
0
0
0
0
0
0
0
0
0
0
0
0
0
0
0
0
0
0
0.251654
0.666541
0.93788
0.98293
0.98485
0.962721
0.842098
0.284413
0
0
0
0
0
0
0
0
0
0
0
0
0.0850665
0.296204
0.607098
0.856152
0.939636
0.96158
0.950521
0.901172
0.810439
0.64966
0.329464
0.00491661
0
0
0
0
0
0.0843822
0.014737
0
0
0
0.0671484
0.0663519
0
0
0
0
0
0
0
0
0
0
0
0
0
0
0
0
0.999266
0.997776
0
0
0.00688735
0
0
0
0
0
0
0
0
0
0
0
0
0
0
0
0
0
0
0
0
0
0
0
0
0
0
0
0
0
0
0
0
0
0
0
0
0
0
0
0
0
0
0
0
0
0
0
0
0
0
0
0
0
0
0
0
0
0
0
0
0
0
0
0
0
0
0
0
0
0
0
0
0
0
0
0
0
0
0
0
0
0
0
0
0
0
0
0
0
0
0
0
0
0
0
0
0
0
0
0
0
0
0
0
0
0
0
0
0
0
0
0
0
0
0
0
0
0
0
0
0
0
0
0
0
0
0
0
0.00233791
0.511598
0.861224
0.961731
0.983817
0.983051
0.93654
0.711454
0.157557
0
0
0
0
0
0
0
0
0.0469321
0.235132
0.507959
0.803159
0.935461
0.975133
0.982271
0.94685
0.819175
0.528824
0.0503842
0
0
0
0
0
0.0923111
0.220682
0.144263
0.00251718
0
0
0.0405016
0
0
0
0
0
0
0
0
0.100566
0
0.0766069
0.177154
0.0275388
0.00455373
0.0327287
0
0
0
0
0.999344
0.997945
0
0
0.00774931
0
0
0.00248158
0.0493941
0
0
0
0.0738698
0.021171
0
0
0
0
0
0
0
0
0
0
0
0
0
0
0
0
0
0
0
0
0
0
0
0
0
0
0
0
0
0
0
0
0
0
0
0
0
0
0
0
0
0
0
0
0
0
0
0
0
0
0
0
0
0
0
0
0
0
0
0
0
0
0
0
0
0
0
0
0
0
0
0
0
0
0
0
0
0
0
0
0
0
0
0
0
0
0
0
0
0
0
0
0
0
0
0
0
0
0
0
0
0
0
0
0
0
0
0
0
0
0
0
0
0
0
0
0
0
0
0
0
0.318265
0.829615
0.957335
0.985944
0.986418
0.965626
0.86946
0.369854
0
0
0
0
0.0841459
0.0152702
0
0.115153
0.505814
0.871316
0.962443
0.978909
0.982975
0.947868
0.707477
0
0
0
0
0
0.0469644
0.14923
0.223999
0.0995071
0
0
0
0
0
0
0
0
0
0
0
0.0451013
0
0.0874569
0.0117282
0
0
0
0
0
0
0
0
0
0
0.999398
0.99794
0.127355
0
0
0
0
0
0
0.0157664
0
0
0
0
0
0
0
0
0
0
0
0
0
0
0
0
0
0
0
0
0
0
0
0
0
0
0
0
0
0
0
0
0
0
0
0
0
0
0
0
0
0
0
0
0
0
0
0
0
0
0
0
0
0
0
0
0
0
0
0
0
0
0
0
0
0
0
0
0
0
0
0
0
0
0
0
0
0
0
0
0
0
0
0
0
0
0
0
0
0
0
0
0
0
0
0
0
0
0
0
0
0
0
0
0
0
0
0
0
0
0
0
0
0
0
0
0
0
0
0
0
0
0
0
0
0
0.0551865
0.694176
0.919423
0.974169
0.986784
0.964997
0.867533
0.22312
0
0
0
0
0.0470129
0.285296
0.636658
0.917958
0.973803
0.98465
0.979384
0.923918
0.490427
0
0
0
0
0.193487
0.338477
0.272279
0.135505
0
0
0
0
0.0397408
0
0
0
0
0
0
0.0649493
0.0695093
0
0
0
0
0
0
0
0
0
0
0
0
0
0
0.999113
0.998383
0.370193
0
0
0
0
0
0.0688036
0.0491777
0
0
0.00693876
0
0
0
0
0
0
0
0
0
0
0
0
0
0
0
0
0
0
0
0
0
0
0
0
0
0
0
0
0
0
0
0
0
0
0
0
0
0
0
0
0
0
0
0
0
0
0
0
0
0
0
0
0
0
0
0
0
0
0
0
0
0
0
0
0
0
0
0
0
0
0
0
0
0
0
0
0
0
0
0
0
0
0
0
0
0
0
0
0
0
0
0
0
0
0
0
0
0
0
0
0
0
0
0
0
0
0
0
0
0
0
0
0
0
0
0
0
0
0
0
0
0
0
0
0
0.40449
0.846222
0.930946
0.958172
0.982149
0.976312
0.9176
0.612492
0.0515663
0
0.00350953
0.689254
0.948293
0.97662
0.985853
0.959156
0.775833
0.10804
0
0
0
0.305168
0.427491
0.263178
0
0
0
0
0
0.0101159
0
0
0
0
0
0.0180346
0.0592854
0
0
0
0
0
0
0.0894656
0.0527554
0
0
0
0.0307521
0.00487262
0.108847
0.115367
0
0
0.999292
0.997919
0.242868
0
0
0.113818
0
0
0
0.0290545
0
0
0
0
0
0
0
0
0
0
0
0
0
0
0
0
0
0
0
0
0
0
0
0
0
0
0
0
0
0
0
0
0
0
0
0
0
0
0
0
0
0
0
0
0
0
0
0
0
0
0
0
0
0
0
0
0
0
0
0
0
0
0
0
0
0
0
0
0
0
0
0
0
0
0
0
0
0
0
0
0
0
0
0
0
0
0
0
0
0
0
0
0
0
0
0
0
0
0
0
0
0
0
0
0
0
0
0
0
0
0
0
0
0
0
0
0
0
0
0
0
0
0
0
0
0
0
0
0
0.324576
0.782969
0.953259
0.98178
0.980135
0.962981
0.889043
0.723204
0.603365
0.893134
0.971404
0.984307
0.985778
0.94638
0.655238
0
0
0
0
0.292189
0.231425
0.0696785
0
0
0
0
0
0
0
0
0
0
0.024551
0
0
0.0827135
0
0
0
0
0
0.0448821
0
0
0.0342893
0
0
0
0
0
0.0029284
0.0956467
0
0.999178
0.998195
0.413299
0
0
0
0
0
0.0196233
0.0337024
0
0
0
0
0
0
0
0
0
0
0
0
0
0
0
0
0
0
0
0
0
0
0
0
0
0
0
0
0
0
0
0
0
0
0
0
0
0
0
0
0
0
0
0
0
0
0
0
0
0
0
0
0
0
0
0
0
0
0
0
0
0
0
0
0
0
0
0
0
0
0
0
0
0
0
0
0
0
0
0
0
0
0
0
0
0
0
0
0
0
0
0
0
0
0
0
0
0
0
0
0
0
0
0
0
0
0
0
0
0
0
0
0
0
0
0
0
0
0
0
0
0
0
0
0
0
0
0
0
0
0.244164
0.598578
0.88715
0.96214
0.981352
0.976416
0.966208
0.94042
0.941664
0.980028
0.977474
0.865514
0.212642
0
0
0
0.0572279
0.237416
0.0829745
0.0207645
0
0
0.07295
0.0825365
0
0
0
0
0
0.0130137
0
0
0
0
0
0.111848
0.0844955
0.0355502
0.123609
0.156014
0
0
0
0
0
0
0
0
0
0
0
0
0.999197
0.997986
0.44844
0
0
0.0927663
0
0
0
0.032324
0
0
0
0
0
0
0
0
0
0
0
0
0
0
0
0
0
0
0
0
0
0
0
0
0
0
0
0
0
0
0
0
0
0
0
0
0
0
0
0
0
0
0
0
0
0
0
0
0
0
0
0
0
0
0
0
0
0
0
0
0
0
0
0
0
0
0
0
0
0
0
0
0
0
0
0
0
0
0
0
0
0
0
0
0
0
0
0
0
0
0
0
0
0
0
0
0
0
0
0
0
0
0
0
0
0
0
0
0
0
0
0
0
0
0
0
0
0
0
0
0
0
0
0
0
0
0
0
0
0
0
0.0277405
0.522868
0.836566
0.942448
0.983494
0.990345
0.996172
0.995154
0.985314
0.85469
0
0
0
0
0.183878
0.133513
0
0
0
0
0
0
0
0
0.0216054
0.0803156
0.0841297
0.0459899
0.0686015
0.030903
0.0649177
0
0.032724
0.0919736
0.0706104
0.137688
0
0
0
0.0618787
0.108386
0.0983211
0
0
0
0
0
0
0
0
0
)
;

boundaryField
{
    inlet
    {
        type            calculated;
        value           uniform 0;
    }
    outlet
    {
        type            calculated;
        value           uniform 0;
    }
    bottom
    {
        type            symmetryPlane;
    }
    top
    {
        type            symmetryPlane;
    }
    obstacle
    {
        type            calculated;
        value           uniform 0;
    }
    defaultFaces
    {
        type            empty;
    }
}


// ************************************************************************* //
